# KmerCoverage	Frequency
# Any frequency is a even number because of odd k-mer length
2 1790484838
3 286703730
4 87321388
5 41683510
6 24234278
7 15410312
8 10320886
9 7142780
10 5092500
11 3704864
12 2761268
13 2120850
14 1675478
15 1357792
16 1129268
17 956144
18 820124
19 717540
20 637284
21 568328
22 511938
23 461122
24 420840
25 382618
26 351016
27 322922
28 297762
29 276108
30 254790
31 238318
32 221338
33 208480
34 195600
35 182398
36 173736
37 162920
38 154228
39 145230
40 138902
41 131510
42 124808
43 118478
44 111962
45 107430
46 102828
47 98096
48 92714
49 88960
50 84118
51 80522
52 77380
53 74324
54 71174
55 68436
56 65498
57 62746
58 61916
59 59532
60 56720
61 55106
62 53804
63 51824
64 50462
65 47910
66 46242
67 45882
68 44018
69 43270
70 41736
71 40388
72 38658
73 37770
74 37440
75 36512
76 35146
77 34208
78 33108
79 31982
80 31778
81 30726
82 30410
83 29066
84 29184
85 28552
86 28056
87 27374
88 26770
89 26360
90 25422
91 24900
92 24388
93 23958
94 23456
95 23040
96 23016
97 21964
98 21418
99 21444
100 20450
101 20832
102 20136
103 19792
104 19086
105 19062
106 18756
107 18754
108 18250
109 18176
110 17578
111 17630
112 17062
113 16804
114 16560
115 16414
116 15964
117 15852
118 15360
119 15366
120 15212
121 15058
122 14838
123 14286
124 13858
125 13760
126 13466
127 12788
128 13002
129 12708
130 12488
131 12482
132 12206
133 12232
134 11882
135 11578
136 11258
137 10896
138 10824
139 10756
140 10614
141 10184
142 10348
143 9916
144 10218
145 9978
146 10066
147 9798
148 9560
149 9586
150 9442
151 8964
152 9326
153 8908
154 8838
155 8482
156 8474
157 8414
158 8258
159 8190
160 8142
161 8066
162 7934
163 7694
164 7870
165 7470
166 7494
167 7340
168 7222
169 7152
170 7216
171 6996
172 6714
173 6552
174 6504
175 6442
176 6438
177 6474
178 6112
179 6252
180 5980
181 5880
182 5922
183 5876
184 5786
185 5686
186 5752
187 5506
188 5356
189 5174
190 5412
191 5426
192 5318
193 5206
194 5072
195 5132
196 4940
197 4936
198 4908
199 4932
200 4760
201 4738
202 4718
203 4644
204 4694
205 4448
206 4482
207 4366
208 4512
209 4170
210 4258
211 4054
212 4064
213 4206
214 4268
215 4032
216 3942
217 4138
218 4042
219 4100
220 3926
221 3894
222 3976
223 3734
224 3812
225 3786
226 3650
227 3462
228 3514
229 3404
230 3432
231 3256
232 3374
233 3410
234 3310
235 3310
236 3286
237 3384
238 3214
239 3084
240 3062
241 3154
242 3176
243 2938
244 2928
245 2794
246 2924
247 2768
248 2792
249 2702
250 2736
251 2458
252 2752
253 2622
254 2598
255 2496
256 2514
257 2696
258 2548
259 2614
260 2550
261 2432
262 2426
263 2448
264 2648
265 2502
266 2426
267 2462
268 2390
269 2258
270 2238
271 2230
272 2264
273 2220
274 2188
275 2100
276 2154
277 2146
278 2094
279 2112
280 1994
281 1992
282 2048
283 1994
284 1940
285 1914
286 1994
287 1976
288 1902
289 1936
290 1986
291 1922
292 1912
293 1968
294 1968
295 1808
296 1938
297 1968
298 1954
299 1836
300 1786
301 1836
302 1778
303 1750
304 1744
305 1756
306 1768
307 1684
308 1630
309 1686
310 1596
311 1554
312 1612
313 1614
314 1580
315 1482
316 1590
317 1488
318 1562
319 1560
320 1572
321 1558
322 1580
323 1470
324 1500
325 1556
326 1460
327 1536
328 1550
329 1498
330 1532
331 1432
332 1442
333 1496
334 1348
335 1406
336 1494
337 1390
338 1376
339 1270
340 1306
341 1324
342 1348
343 1318
344 1368
345 1240
346 1340
347 1258
348 1282
349 1344
350 1254
351 1312
352 1260
353 1162
354 1248
355 1270
356 1248
357 1284
358 1188
359 1244
360 1142
361 1158
362 1100
363 1202
364 1068
365 1142
366 1158
367 1166
368 1136
369 1092
370 1182
371 1112
372 1026
373 1046
374 1190
375 1042
376 1064
377 1018
378 1076
379 972
380 1058
381 1034
382 1006
383 960
384 1046
385 986
386 992
387 1042
388 982
389 930
390 1074
391 1030
392 946
393 1012
394 972
395 948
396 902
397 986
398 946
399 902
400 926
401 912
402 918
403 942
404 1002
405 798
406 848
407 870
408 834
409 792
410 860
411 882
412 890
413 810
414 812
415 858
416 868
417 864
418 846
419 780
420 824
421 724
422 778
423 750
424 788
425 772
426 786
427 794
428 762
429 866
430 746
431 798
432 822
433 730
434 798
435 820
436 736
437 800
438 770
439 744
440 806
441 744
442 786
443 766
444 754
445 772
446 660
447 786
448 760
449 678
450 696
451 676
452 738
453 692
454 746
455 722
456 698
457 738
458 732
459 736
460 592
461 726
462 716
463 656
464 768
465 710
466 686
467 706
468 660
469 698
470 704
471 652
472 692
473 632
474 678
475 612
476 702
477 644
478 612
479 612
480 632
481 614
482 588
483 622
484 582
485 580
486 648
487 608
488 604
489 614
490 576
491 600
492 600
493 598
494 652
495 586
496 642
497 676
498 594
499 618
500 628
501 568
502 584
503 538
504 604
505 568
506 600
507 544
508 600
509 522
510 592
511 584
512 576
513 542
514 594
515 608
516 532
517 550
518 620
519 530
520 518
521 608
522 486
523 566
524 620
525 564
526 612
527 504
528 596
529 576
530 524
531 560
532 514
533 518
534 580
535 554
536 506
537 622
538 550
539 462
540 522
541 590
542 578
543 464
544 524
545 516
546 448
547 506
548 454
549 506
550 500
551 478
552 538
553 502
554 418
555 460
556 446
557 492
558 456
559 418
560 418
561 430
562 478
563 440
564 468
565 466
566 490
567 460
568 492
569 422
570 430
571 440
572 426
573 426
574 412
575 444
576 442
577 394
578 364
579 402
580 416
581 434
582 386
583 358
584 404
585 456
586 424
587 430
588 404
589 428
590 408
591 456
592 384
593 378
594 354
595 424
596 380
597 430
598 390
599 418
600 456
601 388
602 418
603 446
604 458
605 350
606 360
607 354
608 414
609 374
610 354
611 406
612 408
613 382
614 388
615 366
616 398
617 396
618 408
619 386
620 386
621 376
622 388
623 362
624 376
625 414
626 386
627 368
628 408
629 362
630 374
631 354
632 362
633 374
634 348
635 326
636 356
637 364
638 374
639 322
640 382
641 302
642 334
643 330
644 314
645 288
646 284
647 302
648 366
649 308
650 328
651 350
652 354
653 332
654 352
655 288
656 304
657 300
658 302
659 298
660 306
661 278
662 286
663 262
664 304
665 312
666 262
667 272
668 312
669 294
670 302
671 300
672 260
673 272
674 306
675 274
676 244
677 292
678 302
679 272
680 284
681 314
682 252
683 288
684 270
685 318
686 278
687 282
688 290
689 322
690 278
691 316
692 272
693 240
694 236
695 284
696 248
697 260
698 278
699 286
700 254
701 264
702 262
703 256
704 236
705 312
706 268
707 266
708 282
709 278
710 266
711 302
712 290
713 222
714 272
715 266
716 244
717 234
718 242
719 258
720 244
721 250
722 254
723 272
724 206
725 218
726 220
727 240
728 226
729 190
730 230
731 212
732 238
733 218
734 202
735 232
736 220
737 238
738 230
739 234
740 244
741 260
742 218
743 224
744 206
745 190
746 236
747 228
748 214
749 230
750 238
751 202
752 222
753 228
754 244
755 238
756 202
757 166
758 220
759 184
760 220
761 226
762 210
763 164
764 194
765 204
766 244
767 236
768 190
769 188
770 194
771 220
772 234
773 232
774 242
775 184
776 240
777 170
778 210
779 190
780 188
781 152
782 208
783 174
784 148
785 168
786 250
787 190
788 168
789 224
790 200
791 218
792 202
793 228
794 202
795 192
796 198
797 178
798 172
799 202
800 166
801 188
802 182
803 188
804 216
805 198
806 218
807 186
808 192
809 182
810 184
811 200
812 208
813 224
814 178
815 174
816 188
817 166
818 178
819 188
820 200
821 182
822 218
823 224
824 174
825 186
826 200
827 158
828 174
829 190
830 176
831 190
832 198
833 184
834 230
835 146
836 182
837 184
838 152
839 198
840 194
841 194
842 162
843 140
844 180
845 134
846 168
847 184
848 146
849 192
850 142
851 184
852 174
853 158
854 166
855 170
856 200
857 176
858 212
859 168
860 192
861 172
862 168
863 190
864 158
865 152
866 166
867 174
868 184
869 152
870 174
871 164
872 154
873 150
874 152
875 144
876 154
877 168
878 172
879 158
880 164
881 126
882 162
883 178
884 172
885 154
886 134
887 136
888 144
889 166
890 170
891 156
892 144
893 160
894 176
895 164
896 144
897 158
898 148
899 158
900 130
901 130
902 134
903 164
904 180
905 138
906 180
907 130
908 132
909 158
910 138
911 140
912 182
913 136
914 126
915 154
916 140
917 138
918 140
919 148
920 144
921 154
922 160
923 158
924 146
925 140
926 166
927 144
928 140
929 156
930 148
931 140
932 154
933 152
934 148
935 142
936 98
937 152
938 148
939 146
940 142
941 148
942 130
943 126
944 116
945 136
946 120
947 128
948 126
949 146
950 138
951 144
952 144
953 126
954 124
955 122
956 150
957 136
958 138
959 120
960 140
961 160
962 106
963 150
964 130
965 120
966 102
967 120
968 108
969 120
970 116
971 150
972 118
973 142
974 120
975 88
976 124
977 118
978 130
979 96
980 118
981 108
982 128
983 156
984 112
985 134
986 124
987 96
988 130
989 132
990 108
991 126
992 116
993 138
994 130
995 128
996 118
997 120
998 136
999 118
1000 114
1001 124
1002 158
1003 106
1004 120
1005 138
1006 106
1007 122
1008 118
1009 136
1010 118
1011 130
1012 120
1013 110
1014 96
1015 146
1016 128
1017 100
1018 102
1019 122
1020 124
1021 100
1022 102
1023 114
1024 142
1025 108
1026 118
1027 118
1028 110
1029 116
1030 94
1031 114
1032 102
1033 122
1034 132
1035 116
1036 116
1037 132
1038 132
1039 90
1040 142
1041 110
1042 102
1043 114
1044 108
1045 138
1046 96
1047 112
1048 116
1049 72
1050 120
1051 110
1052 124
1053 138
1054 94
1055 92
1056 130
1057 146
1058 122
1059 122
1060 110
1061 130
1062 112
1063 98
1064 158
1065 128
1066 98
1067 140
1068 98
1069 116
1070 136
1071 120
1072 124
1073 100
1074 92
1075 122
1076 68
1077 108
1078 100
1079 94
1080 110
1081 108
1082 98
1083 96
1084 104
1085 110
1086 100
1087 84
1088 96
1089 98
1090 112
1091 94
1092 112
1093 88
1094 110
1095 146
1096 80
1097 92
1098 78
1099 106
1100 98
1101 86
1102 84
1103 70
1104 78
1105 74
1106 96
1107 92
1108 104
1109 106
1110 104
1111 122
1112 86
1113 112
1114 100
1115 114
1116 92
1117 108
1118 110
1119 98
1120 84
1121 78
1122 102
1123 86
1124 94
1125 92
1126 78
1127 72
1128 74
1129 90
1130 92
1131 78
1132 70
1133 86
1134 72
1135 82
1136 94
1137 108
1138 108
1139 94
1140 108
1141 80
1142 134
1143 108
1144 84
1145 74
1146 86
1147 94
1148 94
1149 114
1150 104
1151 106
1152 108
1153 106
1154 100
1155 94
1156 98
1157 82
1158 98
1159 76
1160 100
1161 102
1162 100
1163 60
1164 86
1165 96
1166 94
1167 78
1168 102
1169 76
1170 100
1171 100
1172 78
1173 92
1174 124
1175 86
1176 98
1177 90
1178 108
1179 76
1180 92
1181 84
1182 90
1183 76
1184 104
1185 66
1186 114
1187 96
1188 110
1189 106
1190 104
1191 88
1192 92
1193 66
1194 82
1195 100
1196 86
1197 82
1198 74
1199 110
1200 82
1201 88
1202 112
1203 106
1204 64
1205 82
1206 94
1207 92
1208 96
1209 90
1210 92
1211 104
1212 96
1213 84
1214 74
1215 82
1216 78
1217 62
1218 84
1219 54
1220 74
1221 74
1222 74
1223 72
1224 90
1225 88
1226 110
1227 104
1228 98
1229 82
1230 74
1231 86
1232 72
1233 86
1234 86
1235 84
1236 72
1237 88
1238 88
1239 82
1240 86
1241 74
1242 106
1243 84
1244 80
1245 88
1246 82
1247 54
1248 74
1249 74
1250 104
1251 76
1252 90
1253 72
1254 98
1255 90
1256 66
1257 90
1258 86
1259 92
1260 70
1261 80
1262 90
1263 88
1264 48
1265 86
1266 92
1267 66
1268 94
1269 64
1270 66
1271 76
1272 82
1273 86
1274 72
1275 62
1276 58
1277 72
1278 72
1279 60
1280 58
1281 88
1282 54
1283 82
1284 78
1285 78
1286 54
1287 56
1288 86
1289 56
1290 66
1291 76
1292 72
1293 50
1294 76
1295 58
1296 64
1297 62
1298 86
1299 86
1300 76
1301 50
1302 54
1303 66
1304 82
1305 54
1306 44
1307 60
1308 88
1309 80
1310 88
1311 42
1312 70
1313 86
1314 70
1315 76
1316 60
1317 62
1318 62
1319 72
1320 56
1321 50
1322 64
1323 56
1324 80
1325 72
1326 60
1327 54
1328 68
1329 68
1330 72
1331 88
1332 62
1333 62
1334 80
1335 78
1336 56
1337 70
1338 78
1339 66
1340 86
1341 70
1342 62
1343 68
1344 64
1345 46
1346 62
1347 58
1348 40
1349 60
1350 36
1351 88
1352 60
1353 70
1354 64
1355 88
1356 80
1357 58
1358 68
1359 68
1360 84
1361 84
1362 86
1363 66
1364 72
1365 110
1366 76
1367 72
1368 58
1369 64
1370 66
1371 82
1372 54
1373 56
1374 72
1375 74
1376 76
1377 42
1378 70
1379 52
1380 82
1381 64
1382 62
1383 52
1384 72
1385 86
1386 54
1387 68
1388 50
1389 72
1390 44
1391 62
1392 54
1393 62
1394 74
1395 74
1396 54
1397 56
1398 54
1399 62
1400 56
1401 58
1402 46
1403 48
1404 76
1405 64
1406 94
1407 32
1408 52
1409 56
1410 54
1411 42
1412 44
1413 70
1414 54
1415 64
1416 68
1417 50
1418 60
1419 58
1420 60
1421 46
1422 74
1423 64
1424 42
1425 66
1426 58
1427 54
1428 52
1429 60
1430 56
1431 70
1432 74
1433 46
1434 54
1435 52
1436 50
1437 50
1438 50
1439 54
1440 38
1441 46
1442 58
1443 66
1444 50
1445 54
1446 66
1447 62
1448 42
1449 64
1450 54
1451 54
1452 58
1453 38
1454 38
1455 46
1456 52
1457 50
1458 50
1459 66
1460 62
1461 46
1462 38
1463 42
1464 34
1465 54
1466 36
1467 66
1468 38
1469 54
1470 46
1471 50
1472 40
1473 74
1474 46
1475 44
1476 32
1477 50
1478 54
1479 46
1480 58
1481 58
1482 54
1483 70
1484 80
1485 42
1486 46
1487 48
1488 42
1489 46
1490 66
1491 50
1492 48
1493 38
1494 48
1495 56
1496 58
1497 54
1498 58
1499 24
1500 44
1501 48
1502 26
1503 40
1504 46
1505 66
1506 50
1507 52
1508 68
1509 30
1510 64
1511 52
1512 62
1513 58
1514 54
1515 34
1516 48
1517 42
1518 52
1519 58
1520 58
1521 58
1522 30
1523 48
1524 58
1525 56
1526 50
1527 42
1528 58
1529 48
1530 36
1531 44
1532 44
1533 44
1534 42
1535 52
1536 56
1537 48
1538 40
1539 40
1540 50
1541 46
1542 38
1543 52
1544 56
1545 44
1546 46
1547 42
1548 44
1549 56
1550 48
1551 34
1552 46
1553 66
1554 48
1555 40
1556 46
1557 46
1558 40
1559 46
1560 40
1561 34
1562 54
1563 50
1564 56
1565 54
1566 42
1567 54
1568 32
1569 38
1570 44
1571 54
1572 26
1573 54
1574 56
1575 54
1576 40
1577 42
1578 48
1579 54
1580 38
1581 52
1582 52
1583 52
1584 32
1585 50
1586 76
1587 40
1588 52
1589 74
1590 70
1591 42
1592 70
1593 38
1594 38
1595 58
1596 36
1597 66
1598 44
1599 44
1600 64
1601 52
1602 58
1603 54
1604 58
1605 42
1606 58
1607 68
1608 58
1609 58
1610 50
1611 62
1612 46
1613 52
1614 40
1615 46
1616 44
1617 56
1618 62
1619 54
1620 54
1621 62
1622 62
1623 48
1624 44
1625 58
1626 56
1627 46
1628 40
1629 44
1630 50
1631 62
1632 38
1633 54
1634 40
1635 66
1636 32
1637 36
1638 46
1639 48
1640 54
1641 58
1642 48
1643 50
1644 60
1645 38
1646 72
1647 50
1648 54
1649 50
1650 66
1651 60
1652 44
1653 44
1654 26
1655 42
1656 48
1657 38
1658 46
1659 38
1660 62
1661 52
1662 40
1663 50
1664 36
1665 44
1666 50
1667 48
1668 58
1669 52
1670 36
1671 64
1672 40
1673 58
1674 42
1675 52
1676 42
1677 54
1678 42
1679 48
1680 46
1681 36
1682 60
1683 46
1684 64
1685 44
1686 48
1687 60
1688 48
1689 40
1690 40
1691 38
1692 44
1693 42
1694 44
1695 48
1696 50
1697 38
1698 54
1699 58
1700 36
1701 38
1702 50
1703 52
1704 26
1705 36
1706 38
1707 44
1708 52
1709 38
1710 38
1711 56
1712 44
1713 44
1714 28
1715 34
1716 52
1717 44
1718 54
1719 58
1720 30
1721 44
1722 48
1723 30
1724 30
1725 44
1726 32
1727 42
1728 36
1729 50
1730 52
1731 40
1732 30
1733 52
1734 36
1735 52
1736 52
1737 38
1738 46
1739 56
1740 32
1741 28
1742 40
1743 48
1744 36
1745 54
1746 14
1747 36
1748 46
1749 34
1750 50
1751 44
1752 38
1753 44
1754 46
1755 40
1756 34
1757 36
1758 52
1759 54
1760 44
1761 46
1762 52
1763 54
1764 38
1765 48
1766 38
1767 64
1768 42
1769 50
1770 52
1771 38
1772 42
1773 52
1774 46
1775 40
1776 64
1777 42
1778 50
1779 38
1780 48
1781 34
1782 48
1783 50
1784 32
1785 44
1786 64
1787 30
1788 62
1789 42
1790 36
1791 48
1792 30
1793 40
1794 48
1795 50
1796 38
1797 50
1798 36
1799 52
1800 34
1801 38
1802 48
1803 52
1804 28
1805 46
1806 48
1807 34
1808 28
1809 32
1810 30
1811 48
1812 50
1813 54
1814 36
1815 34
1816 36
1817 22
1818 56
1819 54
1820 54
1821 40
1822 42
1823 62
1824 72
1825 50
1826 52
1827 62
1828 38
1829 44
1830 40
1831 48
1832 52
1833 60
1834 44
1835 58
1836 56
1837 46
1838 48
1839 46
1840 52
1841 34
1842 52
1843 72
1844 40
1845 44
1846 48
1847 50
1848 54
1849 56
1850 48
1851 46
1852 54
1853 54
1854 62
1855 32
1856 30
1857 32
1858 36
1859 44
1860 36
1861 48
1862 38
1863 50
1864 60
1865 44
1866 58
1867 42
1868 58
1869 64
1870 38
1871 58
1872 54
1873 42
1874 46
1875 42
1876 36
1877 46
1878 34
1879 54
1880 40
1881 54
1882 46
1883 70
1884 42
1885 46
1886 40
1887 56
1888 36
1889 50
1890 42
1891 44
1892 50
1893 40
1894 56
1895 58
1896 34
1897 48
1898 40
1899 48
1900 44
1901 54
1902 44
1903 38
1904 38
1905 56
1906 38
1907 36
1908 42
1909 40
1910 42
1911 46
1912 22
1913 54
1914 46
1915 38
1916 56
1917 46
1918 26
1919 46
1920 46
1921 56
1922 60
1923 36
1924 36
1925 54
1926 50
1927 36
1928 32
1929 42
1930 36
1931 40
1932 32
1933 56
1934 50
1935 54
1936 54
1937 50
1938 42
1939 30
1940 44
1941 44
1942 36
1943 28
1944 36
1945 42
1946 44
1947 44
1948 56
1949 46
1950 20
1951 46
1952 44
1953 30
1954 38
1955 40
1956 22
1957 34
1958 42
1959 30
1960 48
1961 50
1962 40
1963 46
1964 36
1965 42
1966 50
1967 26
1968 32
1969 50
1970 34
1971 26
1972 32
1973 44
1974 24
1975 30
1976 34
1977 42
1978 50
1979 52
1980 48
1981 42
1982 42
1983 38
1984 24
1985 52
1986 32
1987 42
1988 40
1989 60
1990 42
1991 34
1992 50
1993 44
1994 40
1995 40
1996 44
1997 36
1998 40
1999 44
2000 48
2001 48
2002 46
2003 32
2004 42
2005 34
2006 46
2007 46
2008 64
2009 36
2010 42
2011 50
2012 44
2013 18
2014 42
2015 40
2016 40
2017 40
2018 40
2019 58
2020 32
2021 44
2022 36
2023 46
2024 44
2025 16
2026 42
2027 52
2028 40
2029 24
2030 38
2031 52
2032 44
2033 38
2034 46
2035 36
2036 36
2037 42
2038 34
2039 36
2040 50
2041 34
2042 44
2043 52
2044 56
2045 44
2046 26
2047 38
2048 34
2049 42
2050 48
2051 38
2052 36
2053 52
2054 26
2055 34
2056 40
2057 44
2058 38
2059 38
2060 24
2061 46
2062 30
2063 24
2064 44
2065 40
2066 50
2067 54
2068 42
2069 48
2070 40
2071 38
2072 34
2073 48
2074 34
2075 32
2076 36
2077 30
2078 54
2079 32
2080 30
2081 28
2082 36
2083 32
2084 34
2085 36
2086 30
2087 36
2088 32
2089 32
2090 24
2091 48
2092 36
2093 38
2094 24
2095 38
2096 34
2097 34
2098 20
2099 20
2100 18
2101 34
2102 36
2103 28
2104 42
2105 28
2106 32
2107 34
2108 26
2109 28
2110 26
2111 30
2112 38
2113 48
2114 24
2115 44
2116 22
2117 46
2118 34
2119 24
2120 40
2121 24
2122 32
2123 52
2124 36
2125 46
2126 42
2127 24
2128 42
2129 42
2130 40
2131 44
2132 34
2133 28
2134 26
2135 26
2136 30
2137 26
2138 38
2139 34
2140 42
2141 26
2142 42
2143 28
2144 36
2145 26
2146 38
2147 24
2148 20
2149 32
2150 18
2151 32
2152 42
2153 32
2154 42
2155 32
2156 44
2157 30
2158 32
2159 34
2160 28
2161 22
2162 34
2163 16
2164 20
2165 22
2166 40
2167 30
2168 34
2169 24
2170 28
2171 32
2172 22
2173 24
2174 18
2175 28
2176 20
2177 20
2178 18
2179 36
2180 18
2181 38
2182 46
2183 38
2184 34
2185 32
2186 32
2187 24
2188 44
2189 18
2190 32
2191 26
2192 30
2193 38
2194 26
2195 36
2196 36
2197 26
2198 26
2199 30
2200 24
2201 28
2202 24
2203 20
2204 28
2205 34
2206 40
2207 26
2208 28
2209 26
2210 22
2211 20
2212 16
2213 18
2214 34
2215 14
2216 12
2217 24
2218 30
2219 30
2220 26
2221 22
2222 18
2223 22
2224 20
2225 22
2226 14
2227 30
2228 18
2229 36
2230 24
2231 30
2232 28
2233 22
2234 22
2235 26
2236 16
2237 36
2238 16
2239 22
2240 18
2241 22
2242 14
2243 50
2244 38
2245 28
2246 20
2247 30
2248 26
2249 22
2250 36
2251 28
2252 32
2253 22
2254 24
2255 28
2256 24
2257 34
2258 12
2259 34
2260 20
2261 24
2262 20
2263 12
2264 24
2265 22
2266 16
2267 20
2268 26
2269 20
2270 32
2271 20
2272 26
2273 42
2274 32
2275 22
2276 14
2277 28
2278 16
2279 22
2280 32
2281 28
2282 28
2283 34
2284 34
2285 20
2286 24
2287 18
2288 24
2289 18
2290 38
2291 34
2292 22
2293 14
2294 40
2295 20
2296 14
2297 16
2298 34
2299 16
2300 24
2301 28
2302 12
2303 14
2304 18
2305 18
2306 26
2307 36
2308 24
2309 32
2310 20
2311 30
2312 22
2313 20
2314 18
2315 30
2316 18
2317 16
2318 16
2319 28
2320 22
2321 22
2322 24
2323 20
2324 26
2325 28
2326 18
2327 26
2328 26
2329 26
2330 20
2331 20
2332 24
2333 16
2334 26
2335 26
2336 30
2337 18
2338 26
2339 32
2340 28
2341 24
2342 26
2343 20
2344 26
2345 22
2346 16
2347 28
2348 20
2349 30
2350 30
2351 22
2352 16
2353 30
2354 14
2355 30
2356 14
2357 28
2358 36
2359 30
2360 24
2361 30
2362 14
2363 20
2364 32
2365 14
2366 22
2367 14
2368 10
2369 14
2370 28
2371 28
2372 18
2373 18
2374 14
2375 24
2376 18
2377 20
2378 16
2379 18
2380 36
2381 26
2382 24
2383 22
2384 22
2385 18
2386 26
2387 22
2388 18
2389 16
2390 16
2391 20
2392 22
2393 24
2394 10
2395 30
2396 28
2397 18
2398 28
2399 20
2400 22
2401 26
2402 20
2403 20
2404 28
2405 18
2406 22
2407 24
2408 26
2409 26
2410 20
2411 28
2412 24
2413 22
2414 18
2415 14
2416 28
2417 22
2418 30
2419 28
2420 10
2421 20
2422 18
2423 18
2424 24
2425 20
2426 14
2427 26
2428 26
2429 32
2430 14
2431 24
2432 14
2433 24
2434 30
2435 30
2436 14
2437 16
2438 10
2439 28
2440 20
2441 20
2442 30
2443 20
2444 12
2445 18
2446 26
2447 12
2448 16
2449 22
2450 24
2451 16
2452 18
2453 22
2454 10
2455 22
2456 12
2457 22
2458 22
2459 6
2460 16
2461 26
2462 24
2463 14
2464 14
2465 10
2466 24
2467 20
2468 12
2469 28
2470 10
2471 22
2472 20
2473 18
2474 20
2475 16
2476 10
2477 10
2478 12
2479 14
2480 36
2481 18
2482 22
2483 16
2484 8
2485 14
2486 30
2487 14
2488 16
2489 16
2490 22
2491 24
2492 22
2493 16
2494 18
2495 18
2496 24
2497 20
2498 20
2499 18
2500 26
2501 20
2502 14
2503 20
2504 18
2505 20
2506 8
2507 20
2508 16
2509 12
2510 22
2511 24
2512 14
2513 16
2514 36
2515 14
2516 14
2517 16
2518 22
2519 32
2520 10
2521 10
2522 30
2523 10
2524 12
2525 8
2526 24
2527 20
2528 20
2529 20
2530 10
2531 42
2532 14
2533 16
2534 20
2535 12
2536 10
2537 16
2538 18
2539 18
2540 12
2541 14
2542 30
2543 12
2544 10
2545 14
2546 12
2547 16
2548 14
2549 20
2550 12
2551 10
2552 20
2553 18
2554 20
2555 10
2556 14
2557 12
2558 14
2559 16
2560 20
2561 10
2562 20
2563 20
2564 10
2565 20
2566 26
2567 26
2568 22
2569 24
2570 24
2571 14
2572 26
2573 10
2574 16
2575 12
2576 10
2577 18
2578 26
2579 22
2580 28
2581 30
2582 26
2583 14
2584 16
2585 16
2586 16
2587 28
2588 10
2589 18
2590 16
2591 22
2592 10
2593 18
2594 20
2595 18
2596 34
2597 20
2598 14
2599 20
2600 16
2601 8
2602 10
2603 18
2604 20
2605 18
2606 18
2607 22
2608 20
2609 28
2610 12
2611 14
2612 16
2613 28
2614 16
2615 18
2616 24
2617 12
2618 16
2619 26
2620 24
2621 12
2622 22
2623 32
2624 24
2625 14
2626 10
2627 14
2628 12
2629 8
2630 12
2631 16
2632 8
2633 20
2634 20
2635 12
2636 8
2637 22
2638 10
2639 24
2640 22
2641 20
2642 14
2643 20
2644 12
2645 22
2646 22
2647 10
2648 18
2649 16
2650 20
2651 32
2652 14
2653 12
2654 12
2655 20
2656 8
2657 4
2658 12
2659 26
2660 16
2661 18
2662 8
2663 16
2664 8
2665 24
2666 12
2667 14
2668 24
2669 18
2670 22
2671 16
2672 18
2673 16
2674 20
2675 14
2676 20
2677 4
2678 20
2679 22
2680 12
2681 12
2682 18
2683 22
2684 14
2685 14
2686 22
2687 20
2688 18
2689 12
2690 16
2691 28
2692 22
2693 26
2694 16
2695 20
2696 14
2697 24
2698 16
2699 16
2700 10
2701 14
2702 24
2703 22
2704 20
2705 20
2706 18
2707 12
2708 18
2709 18
2710 10
2711 28
2712 18
2713 30
2714 18
2715 10
2716 22
2717 16
2718 22
2719 14
2720 16
2721 22
2722 24
2723 26
2724 16
2725 24
2726 8
2727 26
2728 14
2729 10
2730 6
2731 18
2732 10
2733 34
2734 18
2735 24
2736 16
2737 18
2738 20
2739 16
2740 22
2741 20
2742 16
2743 20
2744 26
2745 16
2746 20
2747 18
2748 6
2749 26
2750 16
2751 20
2752 30
2753 24
2754 10
2755 16
2756 18
2757 20
2758 12
2759 16
2760 10
2761 20
2762 12
2763 10
2764 10
2765 12
2766 14
2767 26
2768 20
2769 32
2770 16
2771 20
2772 14
2773 12
2774 18
2775 6
2776 24
2777 18
2778 20
2779 8
2780 20
2781 12
2782 12
2783 8
2784 10
2785 24
2786 8
2787 6
2788 12
2789 14
2790 8
2791 8
2792 10
2793 12
2794 14
2795 12
2796 12
2797 12
2798 18
2799 18
2800 18
2801 12
2802 16
2803 22
2804 18
2805 18
2806 8
2807 18
2808 20
2809 6
2810 18
2811 10
2812 30
2813 22
2814 26
2815 22
2816 16
2817 10
2818 26
2819 12
2820 18
2821 8
2822 16
2823 16
2824 18
2825 22
2826 24
2827 16
2828 12
2829 10
2830 14
2831 20
2832 12
2833 20
2834 16
2835 22
2836 10
2837 10
2838 20
2839 18
2840 24
2841 10
2842 30
2843 12
2844 26
2845 10
2846 12
2847 10
2848 14
2849 12
2850 10
2851 8
2852 14
2853 14
2854 28
2855 16
2856 12
2857 20
2858 18
2859 18
2860 22
2861 12
2862 18
2863 12
2864 16
2865 20
2866 16
2867 10
2868 8
2869 14
2870 28
2871 24
2872 16
2873 16
2874 12
2875 18
2876 8
2877 22
2878 16
2879 14
2880 16
2881 24
2882 10
2883 12
2884 10
2885 14
2886 24
2887 4
2888 8
2889 14
2890 14
2891 14
2892 8
2893 18
2894 14
2895 8
2896 24
2897 10
2898 12
2899 10
2900 10
2901 26
2902 18
2903 20
2904 12
2905 14
2906 16
2907 16
2908 10
2909 26
2910 20
2911 14
2912 16
2913 12
2914 16
2915 20
2916 6
2917 20
2918 16
2919 14
2920 14
2921 18
2922 14
2923 12
2924 12
2925 10
2926 10
2927 12
2928 16
2929 14
2930 6
2931 2
2932 14
2933 18
2934 6
2935 16
2936 4
2937 12
2938 14
2939 14
2940 12
2941 6
2942 18
2943 10
2944 6
2945 24
2946 12
2947 4
2948 16
2949 12
2950 12
2951 24
2952 30
2953 12
2954 10
2955 8
2956 8
2957 16
2958 14
2959 10
2960 6
2961 10
2962 16
2963 20
2964 14
2965 16
2966 14
2967 6
2968 4
2969 14
2970 12
2971 8
2972 18
2973 12
2974 8
2975 26
2976 10
2977 14
2978 8
2979 16
2980 6
2981 12
2982 12
2983 20
2984 18
2985 10
2986 16
2987 14
2988 22
2989 12
2990 10
2991 10
2992 14
2993 18
2994 6
2995 10
2996 16
2997 14
2998 16
2999 22
3000 10
3001 12
3002 14
3003 2
3004 18
3005 10
3006 16
3007 14
3008 16
3009 10
3010 14
3011 14
3012 10
3013 6
3014 20
3015 14
3016 10
3017 12
3018 20
3019 12
3020 6
3021 16
3022 10
3023 20
3024 4
3025 4
3026 8
3027 16
3028 8
3029 12
3030 6
3031 12
3032 6
3033 12
3034 12
3035 10
3036 16
3037 14
3038 14
3039 16
3040 8
3041 16
3042 10
3043 28
3044 16
3045 20
3046 18
3047 16
3048 8
3049 20
3050 18
3051 8
3052 10
3053 20
3054 8
3055 20
3056 12
3057 8
3058 10
3059 16
3060 12
3061 6
3062 10
3064 6
3065 8
3066 10
3067 12
3068 10
3069 6
3070 10
3071 18
3072 12
3073 22
3074 8
3075 8
3076 16
3077 12
3078 16
3079 28
3080 10
3081 10
3082 10
3083 8
3084 8
3085 12
3086 12
3087 8
3088 12
3089 6
3091 12
3092 4
3093 14
3094 8
3095 8
3096 12
3097 20
3098 18
3099 6
3100 12
3101 10
3102 4
3103 8
3104 6
3105 6
3106 4
3107 14
3108 18
3109 16
3110 6
3111 10
3112 16
3113 16
3114 10
3115 18
3116 14
3117 6
3118 10
3119 12
3120 6
3121 6
3122 14
3123 8
3124 14
3125 12
3126 4
3127 6
3128 8
3129 18
3130 8
3131 10
3132 8
3133 12
3134 8
3135 16
3136 6
3137 18
3138 10
3139 14
3140 16
3141 2
3142 12
3143 10
3144 14
3145 8
3146 10
3147 14
3148 12
3149 8
3150 8
3151 10
3152 10
3153 10
3154 6
3155 8
3156 10
3157 12
3158 16
3159 10
3160 6
3161 8
3162 18
3163 10
3164 12
3165 6
3166 12
3168 24
3169 12
3170 4
3171 12
3172 12
3173 12
3174 8
3175 12
3176 14
3177 10
3178 20
3179 8
3180 4
3181 16
3182 10
3183 10
3184 10
3185 12
3186 14
3187 6
3188 8
3189 10
3190 10
3191 6
3192 6
3193 16
3194 10
3195 14
3196 6
3197 8
3198 10
3199 8
3200 8
3201 12
3202 14
3203 14
3204 8
3206 12
3207 10
3208 8
3209 10
3210 12
3211 8
3212 10
3213 10
3214 14
3215 12
3216 10
3217 12
3218 4
3219 8
3220 22
3221 10
3222 4
3223 10
3224 30
3225 12
3226 12
3227 14
3228 18
3229 14
3230 8
3231 12
3232 6
3233 6
3234 6
3235 14
3236 14
3237 12
3238 4
3239 8
3240 10
3241 8
3242 10
3243 8
3244 10
3245 10
3246 14
3247 20
3248 6
3249 20
3250 14
3251 10
3252 8
3253 6
3254 8
3255 6
3256 10
3257 10
3258 10
3259 8
3260 6
3261 16
3262 6
3263 12
3264 12
3265 22
3266 16
3267 8
3268 12
3269 2
3270 10
3271 8
3272 18
3273 10
3274 8
3275 8
3276 8
3277 8
3278 10
3279 12
3280 12
3281 10
3282 10
3283 10
3284 14
3285 10
3286 18
3287 6
3288 16
3289 10
3290 12
3291 12
3292 18
3293 8
3294 4
3295 16
3296 4
3297 12
3298 8
3299 14
3300 20
3301 8
3302 4
3303 10
3304 4
3305 18
3306 4
3307 14
3308 6
3309 6
3310 14
3311 16
3312 12
3313 12
3314 6
3315 10
3316 4
3317 18
3318 14
3319 18
3320 6
3321 10
3322 6
3323 12
3324 8
3325 14
3326 16
3327 8
3328 20
3329 8
3330 16
3331 16
3332 6
3333 12
3334 12
3335 6
3336 14
3337 10
3338 10
3339 14
3340 12
3341 10
3342 8
3343 18
3344 12
3345 22
3346 8
3347 12
3348 14
3349 12
3350 14
3351 6
3352 12
3353 6
3354 22
3355 14
3356 8
3357 14
3358 8
3359 8
3360 6
3361 10
3362 2
3363 8
3364 22
3365 12
3366 14
3367 6
3368 16
3369 12
3370 14
3371 16
3372 12
3373 10
3374 16
3375 2
3376 6
3377 8
3378 16
3379 6
3380 10
3381 10
3382 14
3383 16
3384 10
3386 8
3387 12
3388 8
3389 4
3390 16
3391 8
3392 14
3393 6
3394 10
3395 18
3396 16
3397 2
3398 10
3399 6
3400 14
3401 18
3402 6
3403 16
3404 8
3405 14
3406 8
3407 4
3408 6
3409 12
3410 16
3411 12
3412 12
3413 10
3414 10
3415 4
3416 16
3417 18
3418 6
3419 6
3420 10
3421 20
3422 10
3423 6
3425 10
3426 18
3427 22
3428 8
3429 12
3430 10
3431 12
3432 14
3433 12
3434 6
3435 6
3436 8
3437 10
3438 10
3439 8
3440 12
3441 8
3442 10
3443 6
3444 18
3445 12
3446 18
3447 14
3448 12
3449 4
3450 8
3451 14
3452 4
3453 4
3454 4
3455 2
3456 10
3457 18
3458 10
3459 8
3460 18
3461 6
3462 12
3463 20
3464 8
3465 10
3466 14
3467 16
3468 6
3469 4
3470 10
3471 6
3472 12
3473 4
3474 6
3475 8
3477 24
3478 10
3479 12
3480 20
3481 10
3482 16
3483 12
3484 12
3485 10
3486 16
3487 10
3488 10
3489 12
3490 8
3491 6
3492 18
3493 2
3494 16
3495 10
3496 18
3497 4
3498 12
3499 10
3500 6
3501 10
3502 12
3503 10
3504 10
3506 10
3507 8
3508 8
3509 6
3510 18
3511 10
3512 6
3513 16
3514 14
3515 12
3516 8
3517 14
3518 8
3519 8
3520 10
3521 14
3522 8
3523 14
3524 2
3525 8
3526 12
3527 12
3528 12
3529 10
3530 10
3531 8
3532 10
3533 22
3534 8
3535 8
3536 12
3537 6
3538 10
3539 14
3540 6
3541 10
3542 10
3543 12
3544 8
3545 6
3546 10
3547 2
3548 14
3549 6
3550 12
3551 14
3552 8
3553 16
3554 12
3555 12
3556 16
3557 6
3558 4
3559 12
3560 18
3561 8
3562 12
3563 4
3564 2
3565 8
3566 16
3567 16
3568 10
3569 12
3570 14
3571 6
3572 12
3573 14
3574 4
3575 16
3576 14
3577 12
3578 12
3579 8
3580 10
3581 6
3583 14
3584 2
3585 12
3586 12
3587 14
3588 6
3589 14
3590 4
3591 12
3592 4
3593 8
3594 8
3595 2
3596 14
3597 14
3598 14
3599 6
3601 2
3602 14
3603 12
3604 12
3605 6
3606 12
3607 14
3608 8
3609 8
3610 2
3611 6
3612 20
3613 10
3614 8
3615 10
3616 8
3617 6
3618 4
3619 14
3620 6
3621 16
3622 2
3623 8
3624 8
3625 8
3626 2
3627 6
3628 6
3629 10
3630 10
3631 8
3632 10
3633 6
3634 14
3635 12
3636 6
3637 2
3638 20
3639 10
3640 14
3641 14
3642 16
3643 8
3645 2
3646 4
3647 6
3648 8
3649 14
3650 6
3651 12
3652 4
3653 6
3654 4
3655 6
3656 18
3657 12
3659 6
3660 12
3661 14
3662 2
3663 12
3664 6
3665 4
3666 4
3667 14
3668 10
3669 2
3670 14
3671 8
3672 12
3673 10
3674 8
3675 16
3676 12
3677 8
3678 10
3679 12
3680 4
3681 4
3682 16
3683 8
3684 6
3685 4
3686 4
3687 10
3688 8
3689 10
3690 8
3691 8
3692 6
3693 4
3694 10
3695 8
3696 10
3697 12
3698 14
3699 6
3700 6
3701 10
3702 4
3703 10
3704 2
3705 14
3706 8
3707 10
3708 8
3709 12
3710 10
3711 4
3712 10
3713 2
3714 4
3715 6
3716 6
3717 14
3718 2
3719 6
3720 12
3721 10
3722 12
3723 4
3724 8
3725 10
3726 14
3727 2
3728 10
3729 14
3730 6
3731 4
3732 16
3733 8
3734 4
3735 12
3736 6
3737 6
3738 10
3739 6
3740 6
3741 6
3742 2
3743 6
3744 6
3745 4
3746 4
3747 8
3748 10
3749 18
3750 6
3752 8
3753 6
3754 4
3755 16
3756 2
3757 6
3758 2
3759 2
3760 2
3761 6
3762 10
3763 10
3764 2
3765 6
3766 12
3767 4
3768 4
3769 8
3770 10
3771 10
3772 10
3773 8
3774 8
3775 12
3777 10
3778 14
3779 2
3780 10
3781 10
3782 6
3783 4
3784 2
3785 10
3786 10
3787 6
3788 8
3790 14
3791 10
3793 4
3794 2
3795 8
3796 4
3797 10
3798 4
3799 10
3800 12
3801 14
3802 12
3803 4
3804 8
3805 18
3806 10
3807 12
3808 6
3809 8
3810 6
3811 14
3812 10
3813 4
3814 10
3815 6
3816 12
3817 8
3818 14
3819 6
3820 4
3821 2
3822 6
3823 6
3824 8
3825 8
3826 8
3827 2
3828 10
3829 8
3830 14
3831 8
3832 2
3833 4
3834 2
3835 8
3836 6
3837 6
3839 2
3840 8
3841 6
3842 6
3843 2
3844 4
3845 6
3846 8
3847 8
3848 6
3849 4
3850 4
3851 8
3852 4
3853 12
3854 10
3855 4
3856 6
3857 10
3858 2
3859 6
3860 2
3861 4
3863 6
3864 12
3865 10
3866 2
3867 4
3868 8
3869 8
3870 6
3871 14
3872 14
3873 12
3874 10
3875 8
3876 6
3877 8
3878 8
3879 2
3880 6
3881 6
3882 8
3883 6
3884 4
3885 2
3886 6
3887 6
3888 2
3889 12
3890 4
3891 6
3892 6
3893 4
3894 2
3895 8
3896 6
3897 8
3898 10
3899 8
3900 2
3901 8
3902 2
3903 4
3904 6
3905 6
3906 8
3907 4
3908 12
3909 2
3910 10
3911 6
3912 10
3913 8
3914 8
3915 6
3916 2
3917 6
3918 6
3919 6
3920 4
3921 2
3922 4
3923 6
3924 4
3925 6
3926 2
3927 4
3928 6
3929 8
3930 8
3931 10
3932 10
3933 6
3934 4
3935 10
3936 10
3937 4
3938 10
3939 6
3940 6
3941 6
3942 8
3943 6
3944 6
3945 12
3946 6
3948 4
3949 12
3950 10
3951 10
3952 2
3953 6
3954 10
3955 12
3956 2
3957 6
3959 10
3960 4
3961 4
3962 14
3963 6
3964 4
3965 4
3966 4
3967 10
3968 4
3969 10
3970 6
3971 6
3972 10
3974 6
3975 6
3976 4
3977 10
3978 8
3979 2
3980 6
3981 4
3982 10
3983 10
3984 8
3985 4
3986 4
3987 4
3988 12
3989 4
3990 6
3991 6
3992 12
3993 6
3994 8
3995 4
3996 8
3997 2
3998 8
3999 16
4000 6
4001 8
4002 6
4003 10
4004 12
4005 4
4006 6
4007 6
4008 8
4009 10
4010 6
4011 8
4012 4
4013 10
4014 12
4015 2
4016 6
4017 8
4018 6
4019 4
4020 2
4021 8
4022 10
4023 4
4024 4
4025 8
4026 8
4027 14
4028 16
4029 10
4030 14
4031 6
4032 12
4033 6
4034 6
4035 12
4036 6
4037 4
4038 2
4039 6
4040 4
4041 8
4042 10
4043 6
4044 14
4045 6
4046 6
4047 6
4048 10
4049 12
4050 6
4051 8
4052 14
4053 4
4054 2
4055 16
4056 4
4057 8
4058 10
4059 10
4060 8
4061 2
4062 4
4063 6
4064 4
4065 4
4066 8
4067 8
4068 8
4071 10
4072 14
4073 10
4074 2
4076 6
4077 18
4078 6
4079 2
4080 8
4081 10
4082 8
4083 8
4084 6
4085 6
4086 4
4087 8
4088 8
4089 2
4090 8
4091 16
4092 16
4093 12
4094 8
4095 8
4096 8
4097 10
4098 2
4100 2
4102 6
4103 6
4104 4
4105 12
4106 4
4107 10
4108 2
4109 10
4110 8
4111 8
4112 10
4113 6
4114 8
4115 8
4116 2
4117 2
4118 8
4119 8
4120 4
4121 8
4122 4
4123 4
4124 2
4125 6
4126 2
4127 2
4128 6
4129 10
4131 4
4132 4
4133 6
4134 4
4135 10
4136 4
4137 4
4138 4
4139 4
4140 6
4141 6
4142 8
4143 2
4144 2
4146 8
4147 4
4148 8
4149 8
4150 10
4151 2
4152 2
4153 2
4154 8
4155 6
4156 8
4157 2
4158 8
4159 10
4160 2
4161 8
4162 12
4163 12
4164 8
4165 6
4166 2
4167 4
4168 10
4169 4
4170 18
4171 10
4172 2
4173 10
4174 6
4175 10
4176 8
4177 4
4178 4
4179 6
4180 8
4181 8
4182 4
4183 4
4184 2
4185 2
4186 4
4187 6
4188 6
4189 10
4190 2
4191 2
4192 2
4193 4
4194 2
4195 8
4196 6
4197 4
4198 8
4199 2
4200 6
4201 2
4202 4
4203 4
4204 10
4205 4
4206 12
4207 10
4208 6
4209 6
4210 12
4212 6
4213 10
4214 2
4215 8
4216 8
4217 4
4218 2
4220 6
4221 6
4222 8
4223 6
4224 10
4225 2
4226 2
4227 16
4228 6
4229 8
4230 10
4231 4
4232 2
4233 10
4234 6
4235 6
4236 10
4237 4
4238 4
4239 6
4240 8
4241 4
4243 16
4244 4
4245 2
4246 8
4247 4
4248 8
4249 6
4250 8
4251 6
4252 4
4253 4
4254 6
4255 8
4256 8
4257 2
4258 2
4259 8
4260 6
4262 6
4263 6
4264 2
4265 8
4266 6
4267 6
4268 6
4269 10
4270 6
4271 10
4273 6
4274 4
4275 6
4276 8
4277 2
4278 6
4280 10
4282 6
4283 4
4284 12
4285 6
4286 10
4287 4
4288 12
4289 2
4290 4
4291 2
4292 14
4293 2
4294 14
4295 4
4296 2
4297 4
4298 6
4299 8
4300 8
4301 2
4302 2
4303 6
4304 6
4305 2
4306 4
4307 10
4308 4
4309 2
4310 2
4311 6
4312 8
4313 2
4314 8
4315 16
4316 2
4317 8
4318 6
4319 6
4320 4
4321 2
4322 2
4323 2
4324 6
4325 2
4326 2
4327 8
4328 2
4329 2
4330 8
4331 2
4332 2
4333 6
4334 6
4336 6
4337 4
4338 6
4339 4
4340 4
4341 2
4342 4
4344 4
4345 4
4346 10
4347 2
4348 2
4350 2
4351 8
4352 10
4353 2
4354 4
4355 2
4356 4
4357 6
4358 6
4359 4
4360 2
4361 6
4362 6
4363 4
4364 2
4365 8
4366 8
4367 2
4368 4
4369 2
4370 4
4371 2
4372 8
4373 6
4374 4
4375 2
4376 2
4377 2
4378 4
4379 10
4380 4
4381 2
4382 8
4383 2
4384 4
4385 2
4386 6
4387 2
4388 6
4389 6
4390 2
4391 8
4392 2
4394 10
4395 4
4396 6
4397 2
4398 6
4400 4
4401 2
4402 4
4403 2
4405 6
4406 4
4407 6
4408 6
4409 4
4410 4
4411 2
4412 6
4413 6
4414 4
4415 4
4416 4
4417 4
4419 2
4420 2
4421 2
4426 6
4428 4
4429 2
4430 2
4432 4
4433 4
4434 8
4436 4
4437 4
4438 2
4440 6
4441 14
4443 6
4444 6
4445 4
4446 6
4447 4
4448 8
4449 4
4450 4
4451 6
4452 6
4453 4
4454 4
4455 4
4456 4
4458 6
4459 4
4460 12
4462 6
4463 2
4464 14
4466 4
4467 4
4469 2
4470 8
4471 4
4472 2
4473 2
4474 2
4475 4
4476 4
4477 8
4478 4
4479 2
4480 2
4481 6
4482 4
4484 4
4485 2
4486 16
4487 2
4488 8
4489 6
4490 4
4491 6
4492 2
4493 12
4495 4
4496 2
4497 6
4498 2
4499 6
4500 6
4503 6
4504 12
4505 2
4506 2
4507 4
4509 6
4510 8
4511 6
4512 4
4513 4
4514 2
4515 4
4516 8
4517 2
4518 2
4519 4
4520 10
4521 2
4522 10
4523 4
4524 4
4525 4
4526 6
4527 2
4528 6
4529 2
4530 6
4531 2
4532 8
4533 4
4534 2
4535 4
4536 8
4537 4
4538 6
4539 4
4540 4
4541 6
4543 8
4545 4
4546 4
4547 6
4548 2
4550 6
4551 2
4552 2
4554 2
4555 8
4556 4
4557 2
4558 2
4559 4
4561 10
4562 8
4563 4
4564 4
4565 6
4566 2
4567 4
4568 10
4569 4
4570 4
4571 4
4572 2
4573 4
4574 4
4575 4
4576 6
4577 8
4578 8
4579 6
4581 2
4582 4
4584 4
4585 6
4586 8
4588 4
4589 4
4590 6
4592 6
4593 2
4594 8
4595 6
4596 2
4597 2
4598 4
4599 8
4600 6
4601 6
4604 8
4606 12
4607 6
4608 2
4609 4
4610 2
4611 2
4612 8
4613 4
4614 10
4615 4
4616 2
4617 4
4618 8
4620 12
4621 6
4622 8
4623 6
4624 6
4625 4
4626 8
4627 4
4629 4
4631 4
4632 4
4633 6
4634 2
4635 8
4637 4
4638 8
4639 10
4641 2
4642 4
4643 4
4645 2
4646 2
4647 8
4648 4
4649 4
4650 4
4651 8
4652 2
4653 4
4655 8
4656 2
4657 2
4659 2
4660 6
4661 6
4662 10
4663 4
4664 8
4665 4
4666 2
4667 2
4669 2
4670 4
4671 12
4673 2
4674 6
4675 8
4676 4
4677 8
4679 4
4681 2
4682 8
4683 4
4685 4
4687 6
4688 2
4690 10
4691 4
4692 6
4693 2
4694 4
4696 2
4697 10
4698 2
4699 2
4700 8
4701 2
4702 4
4703 4
4704 2
4705 8
4706 6
4707 2
4708 6
4709 4
4710 6
4711 6
4712 2
4713 6
4714 6
4715 6
4716 8
4717 6
4718 8
4720 4
4721 2
4722 2
4724 8
4725 4
4726 6
4727 2
4728 2
4729 4
4731 6
4732 6
4734 2
4736 2
4737 10
4738 6
4739 2
4741 4
4742 4
4743 4
4744 6
4745 6
4746 4
4747 4
4748 6
4749 6
4750 4
4751 4
4752 4
4753 2
4754 6
4755 2
4756 4
4757 6
4758 4
4759 6
4760 2
4761 2
4762 6
4763 2
4764 2
4766 2
4767 4
4768 2
4769 10
4770 6
4771 6
4772 4
4773 2
4774 14
4775 6
4777 2
4778 8
4779 4
4781 4
4782 4
4783 2
4784 4
4785 8
4786 2
4787 4
4788 6
4789 6
4790 4
4791 6
4792 4
4793 2
4794 8
4796 2
4797 4
4798 2
4799 6
4800 4
4801 2
4802 2
4803 2
4804 6
4805 4
4806 4
4807 6
4808 6
4809 8
4812 8
4813 8
4814 8
4815 4
4816 8
4817 8
4818 2
4819 2
4820 6
4821 2
4822 2
4823 4
4824 2
4825 2
4826 4
4827 2
4829 2
4830 2
4831 4
4832 2
4833 4
4835 6
4836 4
4837 8
4838 6
4839 6
4840 4
4841 4
4843 2
4844 4
4845 6
4847 2
4848 6
4849 2
4850 6
4851 4
4854 2
4855 2
4856 4
4857 2
4858 4
4859 4
4860 6
4861 6
4862 2
4863 2
4864 14
4866 6
4867 2
4868 2
4869 10
4870 4
4872 2
4878 2
4879 4
4880 8
4881 2
4882 8
4883 4
4884 10
4885 4
4886 2
4887 4
4888 2
4889 2
4890 6
4891 2
4892 2
4893 2
4894 4
4895 2
4896 4
4897 4
4898 2
4899 6
4901 4
4903 2
4904 8
4905 2
4906 6
4907 2
4909 4
4911 2
4912 8
4913 6
4914 4
4915 2
4916 4
4917 6
4918 2
4919 6
4920 2
4921 4
4922 2
4923 2
4924 6
4925 4
4926 2
4927 2
4928 6
4929 4
4933 4
4934 2
4937 2
4938 2
4939 2
4941 2
4942 2
4943 6
4944 2
4945 6
4946 8
4947 4
4949 8
4950 6
4952 10
4953 2
4954 8
4955 6
4956 6
4957 4
4958 8
4959 2
4960 6
4963 4
4964 2
4966 2
4967 4
4968 4
4970 4
4972 2
4973 2
4974 6
4975 2
4976 6
4977 6
4978 6
4979 2
4980 2
4981 2
4982 2
4984 8
4985 6
4986 2
4987 4
4988 2
4990 4
4992 2
4994 2
4995 2
4996 4
4997 2
4998 2
4999 4
5000 2
5001 2
5002 2
5003 2
5004 2
5005 4
5006 2
5008 4
5009 4
5010 8
5012 2
5013 2
5014 6
5015 2
5016 4
5017 2
5018 2
5019 2
5020 4
5021 6
5023 6
5024 4
5025 2
5026 4
5027 6
5028 10
5029 2
5031 2
5032 6
5033 8
5034 4
5035 2
5036 2
5037 2
5039 4
5040 6
5041 6
5042 2
5044 6
5045 2
5047 4
5050 8
5051 4
5052 6
5053 2
5054 6
5056 6
5057 4
5058 6
5059 4
5061 8
5062 4
5063 8
5064 2
5065 6
5066 2
5067 2
5069 4
5070 4
5072 2
5073 6
5074 2
5075 2
5076 6
5077 6
5078 6
5079 4
5080 2
5081 6
5082 4
5083 4
5084 6
5085 8
5086 2
5087 2
5088 10
5089 4
5090 4
5091 2
5092 6
5094 4
5096 6
5098 4
5099 4
5100 4
5101 6
5102 4
5103 2
5104 2
5105 2
5107 2
5108 6
5109 10
5110 8
5111 8
5112 2
5113 2
5114 2
5115 2
5116 4
5117 6
5118 4
5119 2
5120 4
5121 6
5122 2
5123 2
5124 2
5125 8
5126 4
5127 6
5129 4
5130 4
5131 2
5132 6
5133 10
5135 4
5136 10
5137 6
5138 2
5139 6
5140 4
5141 8
5143 8
5145 4
5146 14
5147 2
5149 2
5150 10
5151 8
5152 2
5153 10
5154 2
5155 2
5156 2
5157 4
5158 4
5159 10
5160 2
5161 4
5162 8
5163 4
5164 4
5165 2
5166 4
5167 6
5168 4
5170 6
5171 8
5172 2
5173 6
5174 4
5175 2
5177 10
5178 4
5179 4
5180 4
5181 2
5182 4
5183 2
5184 4
5185 6
5186 6
5187 2
5188 4
5189 2
5190 2
5191 2
5192 6
5193 2
5194 8
5195 8
5196 8
5197 4
5198 4
5199 8
5200 2
5201 2
5203 4
5204 2
5206 4
5207 6
5208 4
5209 8
5210 2
5211 8
5212 2
5213 6
5214 6
5215 2
5216 14
5218 8
5219 2
5220 2
5221 4
5222 2
5223 2
5225 10
5228 2
5229 4
5230 2
5231 4
5232 4
5233 2
5234 8
5235 4
5236 6
5238 8
5239 2
5240 2
5243 2
5244 4
5245 4
5248 4
5249 2
5250 8
5251 6
5252 4
5253 6
5255 2
5256 8
5259 2
5261 6
5262 6
5263 6
5264 4
5265 2
5266 2
5267 2
5268 10
5269 6
5271 4
5272 4
5273 2
5274 4
5275 6
5276 6
5277 2
5278 8
5280 2
5281 2
5283 4
5284 4
5285 6
5286 4
5287 2
5289 4
5290 4
5291 2
5292 4
5293 4
5294 6
5295 4
5296 6
5297 2
5299 4
5300 2
5301 8
5302 4
5304 6
5305 6
5306 4
5307 8
5308 2
5309 2
5311 4
5312 4
5313 10
5314 2
5315 6
5316 8
5317 4
5319 4
5320 6
5321 6
5322 2
5323 2
5324 4
5325 6
5327 6
5328 2
5329 6
5330 4
5331 2
5332 6
5333 6
5334 4
5336 2
5337 10
5338 4
5339 4
5340 4
5341 2
5342 6
5343 2
5344 4
5345 4
5346 6
5347 8
5348 6
5349 6
5350 6
5351 6
5352 2
5353 6
5359 6
5360 4
5361 6
5362 10
5363 6
5364 6
5367 6
5370 2
5371 10
5372 4
5374 2
5376 6
5377 8
5378 2
5379 4
5380 4
5381 2
5382 6
5384 4
5385 10
5386 4
5387 4
5388 4
5390 2
5391 8
5392 6
5393 4
5394 2
5395 6
5396 6
5397 4
5398 2
5399 4
5400 4
5401 4
5402 4
5403 4
5404 4
5405 10
5406 6
5407 4
5408 2
5409 8
5411 10
5413 6
5414 2
5415 2
5417 2
5418 2
5419 2
5420 10
5421 4
5422 2
5423 8
5424 4
5425 8
5426 2
5427 4
5428 4
5429 2
5430 2
5431 2
5432 2
5433 4
5434 2
5437 2
5438 4
5439 6
5440 4
5441 6
5442 6
5443 4
5444 2
5445 10
5446 2
5447 6
5448 6
5451 8
5452 2
5454 2
5455 4
5456 2
5458 4
5459 12
5460 4
5461 6
5462 2
5463 4
5467 2
5468 2
5469 2
5470 6
5473 4
5474 14
5475 4
5476 2
5477 6
5478 4
5479 2
5480 2
5481 4
5482 4
5483 4
5485 2
5486 8
5487 2
5488 2
5489 6
5490 2
5491 4
5492 4
5493 2
5494 6
5496 2
5497 4
5498 8
5499 4
5500 4
5501 2
5502 4
5503 6
5506 4
5507 4
5508 2
5510 2
5511 6
5512 8
5513 2
5514 2
5515 4
5516 2
5517 2
5518 4
5519 2
5520 2
5521 4
5523 2
5524 6
5525 2
5526 4
5527 6
5528 6
5529 6
5530 4
5531 2
5532 2
5534 6
5535 4
5537 4
5538 2
5539 4
5540 8
5541 4
5544 4
5545 2
5546 2
5547 2
5548 10
5550 4
5551 4
5554 8
5555 6
5556 6
5557 6
5558 2
5559 4
5560 2
5561 8
5562 4
5563 6
5564 2
5565 6
5566 4
5567 4
5569 2
5570 2
5572 6
5573 6
5575 2
5577 2
5578 6
5579 6
5580 4
5582 2
5583 6
5586 4
5587 2
5588 2
5589 2
5590 4
5591 2
5592 2
5593 6
5594 12
5595 2
5597 6
5598 2
5601 2
5603 6
5604 4
5605 4
5606 2
5607 2
5608 4
5609 6
5610 4
5611 2
5612 2
5613 2
5614 2
5615 2
5617 2
5618 8
5621 2
5622 2
5624 2
5625 4
5626 8
5627 8
5628 6
5629 6
5630 4
5631 4
5632 2
5633 2
5634 2
5636 4
5639 8
5640 4
5642 4
5643 6
5645 2
5647 2
5649 2
5650 2
5651 4
5652 6
5653 2
5654 6
5655 2
5656 8
5657 4
5658 8
5659 4
5661 2
5662 10
5663 4
5664 10
5665 6
5666 2
5667 4
5668 2
5670 6
5671 2
5672 6
5673 4
5674 2
5675 4
5676 4
5677 4
5680 6
5681 4
5682 2
5683 2
5684 2
5686 4
5687 6
5688 2
5689 2
5690 4
5691 2
5692 2
5693 4
5694 4
5695 8
5696 4
5697 6
5698 8
5699 6
5700 6
5701 6
5702 2
5703 6
5704 6
5705 4
5707 2
5708 4
5709 2
5710 2
5711 4
5712 4
5714 2
5715 6
5717 4
5718 2
5719 2
5722 2
5723 6
5724 2
5725 2
5726 4
5727 6
5728 2
5729 4
5730 2
5732 4
5733 4
5734 4
5735 4
5736 2
5738 4
5739 4
5740 2
5742 2
5743 2
5744 2
5745 4
5746 6
5748 2
5750 2
5752 6
5753 2
5754 2
5755 2
5757 2
5758 2
5759 2
5760 6
5761 4
5762 6
5763 4
5764 4
5765 2
5766 4
5769 4
5770 6
5771 2
5772 4
5774 4
5775 4
5776 6
5777 2
5778 2
5779 2
5781 6
5782 2
5783 4
5784 4
5785 2
5786 8
5787 2
5789 2
5790 2
5792 2
5794 4
5796 2
5797 4
5798 4
5800 4
5804 4
5805 2
5808 2
5809 2
5810 2
5811 4
5812 2
5813 2
5816 2
5817 6
5818 2
5820 4
5821 2
5822 4
5824 4
5826 4
5828 4
5829 10
5830 4
5832 2
5833 2
5835 6
5837 4
5838 4
5841 6
5842 4
5843 8
5844 2
5846 2
5847 2
5848 6
5849 4
5850 4
5851 4
5852 8
5853 4
5854 4
5856 2
5857 4
5858 4
5860 4
5861 6
5862 2
5864 4
5865 8
5866 8
5867 2
5868 2
5869 4
5871 6
5872 4
5874 4
5875 6
5876 2
5877 4
5878 4
5880 6
5882 4
5883 10
5884 2
5885 2
5888 2
5889 4
5890 2
5892 8
5893 2
5895 2
5896 2
5898 8
5899 2
5900 10
5901 2
5902 2
5903 4
5905 10
5906 2
5907 2
5908 6
5910 4
5911 2
5912 6
5913 2
5915 6
5916 2
5917 2
5918 4
5919 2
5920 4
5925 6
5928 6
5929 2
5930 6
5931 4
5932 2
5933 6
5934 2
5935 4
5936 2
5938 2
5939 4
5941 2
5942 4
5943 2
5944 4
5947 2
5948 4
5950 2
5951 2
5952 2
5953 6
5955 4
5956 2
5957 2
5958 4
5959 6
5960 6
5961 2
5962 4
5963 6
5964 4
5965 4
5966 2
5967 2
5968 8
5969 4
5970 2
5971 8
5972 2
5973 2
5974 2
5975 2
5977 4
5978 2
5979 2
5981 2
5982 6
5983 2
5984 8
5986 2
5987 6
5989 2
5991 8
5992 6
5994 2
5996 6
5997 2
5998 4
5999 2
6000 4
6001 2
6002 6
6003 2
6004 4
6006 2
6008 2
6010 4
6011 6
6012 2
6013 6
6014 4
6016 10
6017 4
6018 4
6019 6
6020 2
6021 2
6022 4
6023 8
6024 4
6025 2
6026 2
6029 4
6030 2
6031 2
6032 4
6034 12
6035 2
6036 4
6038 4
6039 4
6040 4
6042 6
6043 4
6044 4
6045 8
6046 4
6047 4
6048 2
6049 4
6050 2
6055 2
6056 4
6057 2
6058 6
6059 2
6060 2
6061 2
6062 2
6063 4
6064 4
6065 2
6066 2
6068 4
6069 2
6071 2
6072 4
6073 4
6075 4
6077 4
6078 2
6079 6
6081 6
6082 4
6083 2
6086 4
6087 6
6090 4
6091 4
6092 2
6097 2
6099 2
6101 4
6102 2
6103 2
6104 8
6106 4
6107 2
6108 2
6109 6
6110 2
6111 8
6112 2
6113 4
6115 6
6119 6
6120 6
6121 4
6122 2
6123 8
6126 4
6127 2
6128 4
6129 6
6130 4
6131 2
6132 2
6133 4
6134 2
6135 2
6138 2
6139 4
6140 2
6141 2
6142 6
6145 6
6146 2
6147 8
6149 2
6154 2
6155 4
6156 2
6157 2
6158 2
6159 8
6160 2
6162 2
6163 2
6164 8
6165 2
6166 2
6169 4
6170 2
6174 2
6176 2
6178 4
6179 2
6180 2
6181 2
6182 4
6184 2
6185 4
6186 4
6187 12
6189 4
6191 6
6193 4
6195 2
6196 4
6197 6
6198 2
6199 4
6200 4
6201 4
6202 4
6203 8
6205 2
6206 2
6207 4
6209 4
6211 6
6212 2
6213 2
6214 4
6215 2
6216 4
6217 2
6219 4
6220 6
6221 2
6222 2
6223 2
6224 2
6225 2
6226 2
6227 2
6228 4
6229 2
6230 6
6231 4
6232 2
6233 4
6235 2
6241 4
6244 8
6245 4
6246 4
6247 2
6248 4
6251 4
6252 6
6253 4
6254 2
6255 4
6256 4
6259 4
6262 2
6264 2
6265 2
6266 2
6271 2
6272 2
6274 4
6275 2
6276 6
6277 2
6281 2
6283 6
6285 2
6286 2
6287 2
6288 2
6290 2
6291 2
6292 2
6293 2
6294 2
6295 10
6296 4
6297 2
6298 4
6300 2
6301 2
6302 4
6304 6
6305 2
6306 2
6307 4
6308 2
6309 4
6311 2
6313 4
6314 2
6315 4
6320 6
6322 4
6323 2
6324 2
6326 2
6327 6
6329 2
6330 6
6332 2
6333 2
6335 2
6337 2
6338 2
6339 4
6340 2
6341 2
6342 2
6343 4
6344 2
6345 2
6346 4
6349 2
6350 2
6351 4
6352 2
6353 2
6354 2
6355 4
6357 2
6359 4
6360 2
6363 4
6365 2
6366 4
6368 2
6369 2
6370 2
6372 2
6373 4
6375 4
6376 2
6377 4
6379 2
6381 6
6382 2
6384 2
6385 4
6386 2
6387 2
6388 2
6390 2
6391 2
6393 4
6394 4
6395 4
6396 2
6399 2
6400 2
6404 2
6408 2
6410 6
6415 2
6417 2
6418 2
6420 4
6421 2
6424 2
6425 2
6427 8
6428 2
6429 2
6430 2
6431 6
6432 2
6434 4
6437 8
6438 4
6439 2
6440 2
6441 4
6442 4
6444 4
6446 2
6447 6
6450 2
6452 4
6453 8
6457 2
6458 2
6460 2
6461 4
6463 4
6470 4
6471 2
6472 2
6474 4
6475 2
6477 2
6481 2
6482 2
6484 4
6486 2
6487 4
6488 4
6491 4
6492 4
6493 6
6495 6
6496 4
6497 2
6499 4
6502 2
6503 4
6504 2
6505 6
6506 2
6509 2
6510 2
6511 4
6512 2
6513 2
6514 2
6515 2
6518 6
6519 6
6521 2
6522 2
6524 4
6526 6
6527 4
6530 2
6531 2
6532 4
6533 4
6535 2
6536 2
6537 2
6538 2
6539 2
6540 6
6541 2
6542 2
6543 6
6546 4
6548 6
6549 2
6551 2
6553 4
6554 2
6558 2
6559 2
6561 2
6565 2
6566 4
6567 2
6569 4
6571 2
6572 2
6574 2
6575 4
6576 2
6577 2
6578 2
6580 2
6581 2
6582 2
6584 4
6585 2
6586 4
6587 2
6588 2
6589 2
6594 2
6596 2
6599 2
6600 2
6603 2
6605 2
6607 4
6608 2
6611 6
6612 4
6613 2
6619 2
6621 8
6622 2
6624 4
6625 2
6626 4
6627 2
6628 2
6629 2
6631 6
6632 10
6633 4
6634 2
6635 2
6638 4
6639 2
6642 4
6646 4
6649 4
6651 4
6653 2
6654 2
6656 2
6658 2
6659 2
6661 6
6662 2
6664 2
6665 2
6666 2
6667 6
6668 4
6671 2
6674 6
6675 6
6676 4
6680 4
6681 2
6683 4
6684 2
6685 4
6686 2
6687 2
6688 2
6690 4
6692 2
6693 4
6694 4
6697 2
6698 2
6702 4
6703 2
6704 2
6710 2
6711 2
6712 2
6714 4
6716 2
6718 2
6723 4
6726 2
6727 2
6728 2
6733 2
6734 2
6736 2
6737 2
6738 4
6741 6
6743 2
6744 2
6745 2
6746 2
6749 2
6751 2
6753 2
6755 2
6757 2
6758 4
6759 2
6761 2
6763 2
6764 2
6765 2
6769 2
6770 2
6771 4
6772 6
6775 2
6776 2
6778 4
6780 2
6784 2
6787 2
6789 2
6792 6
6795 2
6796 4
6797 2
6798 4
6799 2
6801 2
6802 2
6803 2
6804 2
6809 2
6810 4
6812 4
6813 2
6814 4
6815 2
6816 2
6818 4
6819 2
6820 2
6821 4
6823 4
6824 2
6825 2
6826 2
6827 4
6828 14
6829 4
6830 2
6831 2
6832 2
6834 6
6835 4
6837 2
6838 2
6839 4
6840 2
6841 2
6842 2
6843 2
6845 2
6846 4
6851 2
6853 2
6855 2
6856 4
6858 2
6861 2
6863 2
6866 2
6868 2
6870 2
6871 2
6872 8
6873 6
6874 4
6875 2
6876 4
6877 2
6880 6
6882 2
6883 4
6884 4
6885 2
6886 2
6887 2
6889 4
6891 4
6893 2
6896 6
6897 2
6898 6
6899 4
6900 2
6902 2
6904 6
6907 4
6908 4
6910 2
6912 2
6913 2
6914 4
6915 2
6916 6
6918 4
6919 4
6921 4
6922 2
6923 2
6925 2
6927 6
6929 2
6932 4
6933 6
6934 2
6936 2
6938 2
6941 4
6943 2
6944 4
6945 4
6948 2
6949 2
6950 2
6952 2
6953 2
6954 2
6955 2
6956 2
6957 2
6959 2
6961 6
6962 4
6965 4
6966 4
6969 6
6970 6
6971 6
6974 2
6975 4
6977 2
6978 6
6981 2
6982 2
6983 2
6984 4
6985 4
6986 2
6987 4
6989 4
6990 2
6991 2
6993 6
6994 2
6995 2
6997 2
6998 2
6999 8
7001 6
7002 2
7003 4
7004 2
7005 2
7006 4
7007 2
7009 6
7010 8
7011 2
7012 2
7013 4
7017 2
7018 4
7019 4
7022 4
7024 2
7025 2
7026 2
7027 2
7028 4
7030 2
7031 4
7032 2
7033 2
7034 6
7035 2
7036 2
7037 2
7039 2
7041 2
7043 4
7048 4
7049 8
7050 4
7051 4
7053 4
7057 2
7058 2
7060 2
7061 2
7062 2
7064 2
7066 2
7067 2
7068 6
7070 2
7071 2
7074 2
7075 4
7076 2
7077 2
7078 6
7079 4
7080 6
7082 2
7085 2
7086 2
7087 2
7088 2
7089 6
7091 4
7092 2
7093 4
7094 2
7095 4
7096 4
7098 4
7099 2
7101 4
7102 2
7104 2
7106 2
7109 6
7110 4
7112 2
7113 6
7114 2
7116 2
7118 4
7119 2
7120 2
7121 2
7122 2
7123 2
7124 4
7125 2
7129 2
7133 2
7134 4
7135 6
7136 2
7139 6
7140 2
7142 2
7143 2
7144 2
7146 4
7147 6
7148 2
7149 2
7150 4
7151 4
7152 2
7155 6
7159 4
7160 2
7161 2
7163 2
7164 2
7165 2
7166 2
7168 4
7169 4
7170 4
7171 4
7172 4
7174 2
7176 4
7177 4
7178 2
7180 2
7181 4
7182 2
7183 4
7184 2
7185 4
7186 4
7187 2
7188 4
7189 2
7190 2
7191 2
7192 4
7193 4
7194 4
7195 4
7196 4
7199 2
7200 2
7203 6
7204 4
7206 4
7208 2
7209 2
7211 2
7212 6
7214 4
7215 6
7217 4
7220 2
7221 2
7222 4
7223 2
7224 2
7226 2
7227 4
7228 4
7229 4
7231 6
7232 6
7235 4
7236 2
7238 2
7241 2
7242 4
7244 4
7245 2
7246 2
7248 2
7249 2
7250 6
7253 2
7256 2
7257 6
7258 8
7259 2
7260 4
7261 4
7262 2
7263 6
7264 2
7266 4
7267 2
7268 2
7270 2
7272 2
7273 2
7276 2
7277 2
7278 2
7279 2
7280 4
7282 2
7288 4
7289 4
7291 4
7294 2
7295 8
7297 4
7300 4
7301 2
7302 2
7303 4
7304 2
7309 4
7310 2
7311 4
7312 2
7313 4
7314 2
7315 4
7316 4
7318 4
7319 4
7320 4
7323 6
7324 2
7325 2
7326 2
7327 2
7330 4
7331 2
7332 6
7333 2
7334 2
7337 10
7339 2
7341 2
7342 8
7344 2
7345 2
7347 2
7355 4
7356 6
7358 2
7361 2
7362 2
7363 2
7364 6
7365 4
7366 2
7367 4
7368 2
7369 4
7371 6
7372 2
7374 4
7375 4
7378 2
7379 2
7380 4
7381 4
7387 2
7388 2
7389 4
7390 2
7391 2
7394 2
7398 2
7401 2
7402 4
7403 4
7407 4
7410 2
7412 2
7413 2
7415 2
7416 4
7419 2
7420 2
7422 2
7423 4
7425 2
7426 4
7428 4
7430 8
7434 4
7436 4
7438 2
7439 2
7440 2
7442 2
7443 2
7444 2
7445 2
7447 2
7448 2
7449 2
7450 4
7451 2
7456 4
7459 2
7462 4
7463 2
7464 2
7465 8
7466 2
7467 4
7468 2
7470 2
7471 2
7472 2
7474 4
7475 4
7476 2
7477 4
7478 2
7482 2
7483 4
7485 2
7487 2
7488 4
7491 2
7492 4
7493 2
7495 2
7497 2
7499 2
7501 2
7504 4
7506 2
7509 4
7511 4
7512 2
7513 8
7514 2
7515 4
7516 2
7519 2
7523 2
7524 4
7525 2
7526 6
7527 4
7528 4
7530 2
7531 2
7532 2
7533 2
7534 2
7535 2
7537 2
7538 4
7539 2
7540 2
7542 2
7543 4
7544 2
7545 4
7547 2
7548 2
7549 2
7550 6
7554 2
7555 4
7556 2
7558 2
7560 4
7562 8
7564 4
7565 4
7567 6
7568 2
7570 8
7572 2
7573 4
7574 4
7575 4
7576 2
7577 2
7579 2
7580 2
7581 2
7583 6
7584 2
7586 4
7593 2
7594 2
7599 2
7600 4
7601 2
7602 4
7603 2
7607 4
7608 2
7610 4
7612 2
7613 4
7614 2
7617 2
7618 2
7620 6
7621 2
7627 6
7629 2
7630 2
7631 2
7632 4
7633 2
7634 2
7635 2
7637 2
7638 6
7639 2
7641 2
7643 4
7645 4
7648 2
7650 2
7652 2
7653 4
7655 8
7656 4
7657 2
7658 2
7659 2
7660 2
7661 4
7663 4
7664 2
7666 2
7667 4
7668 4
7669 2
7671 2
7672 8
7674 4
7675 2
7677 2
7678 2
7679 2
7680 2
7681 2
7682 2
7684 6
7687 2
7689 2
7691 2
7692 2
7693 4
7695 6
7696 2
7702 2
7703 4
7706 2
7707 2
7710 2
7711 2
7712 8
7713 2
7714 2
7717 2
7718 4
7719 2
7720 4
7722 2
7726 4
7727 4
7729 2
7730 2
7731 4
7732 4
7737 2
7738 4
7739 2
7740 4
7741 2
7743 2
7747 2
7749 2
7750 4
7752 4
7753 8
7754 2
7759 2
7763 6
7764 4
7765 6
7769 2
7772 4
7773 6
7774 2
7776 2
7779 2
7783 4
7784 6
7785 2
7788 2
7789 2
7791 2
7794 2
7795 2
7796 4
7797 6
7800 4
7801 2
7803 4
7806 2
7808 2
7810 2
7811 2
7812 2
7816 4
7817 2
7818 4
7819 2
7820 2
7823 4
7824 2
7825 2
7826 4
7828 2
7829 2
7830 2
7831 2
7832 2
7833 2
7834 6
7836 2
7838 2
7840 2
7841 4
7843 4
7844 2
7845 2
7846 2
7847 2
7849 6
7850 4
7851 6
7852 6
7855 2
7856 2
7858 2
7859 2
7860 2
7863 4
7864 2
7866 4
7869 4
7870 4
7871 2
7872 2
7874 2
7876 2
7878 2
7879 4
7880 2
7882 2
7883 4
7885 4
7886 4
7888 4
7889 2
7890 2
7892 2
7895 2
7896 2
7898 2
7899 2
7902 2
7903 4
7909 2
7910 4
7911 2
7912 2
7915 2
7916 2
7918 6
7920 4
7921 4
7926 2
7929 2
7930 2
7933 8
7934 4
7935 2
7937 2
7938 4
7939 2
7940 4
7942 2
7943 4
7945 2
7946 2
7947 2
7948 2
7949 2
7951 2
7952 2
7957 2
7962 2
7968 2
7974 2
7977 6
7982 4
7984 2
7990 2
7991 2
7992 6
7993 2
7995 6
7997 2
7998 4
8001 2
8003 2
8004 2
8005 6
8006 2
8007 2
8008 4
8009 2
8010 2
8017 4
8019 4
8021 2
8022 2
8023 2
8024 2
8027 2
8029 4
8034 2
8036 4
8038 4
8040 4
8042 2
8046 2
8047 4
8049 2
8051 2
8060 2
8063 2
8066 2
8068 4
8070 2
8073 4
8079 2
8080 2
8081 2
8087 2
8088 2
8090 2
8092 2
8093 2
8096 2
8098 4
8107 4
8109 8
8110 2
8112 2
8114 2
8115 2
8116 2
8118 2
8120 4
8123 2
8124 2
8125 2
8126 2
8129 2
8130 2
8133 4
8134 4
8135 2
8136 2
8140 2
8141 2
8146 2
8149 2
8150 2
8151 2
8153 2
8155 2
8156 2
8158 2
8162 4
8163 2
8164 6
8169 4
8170 4
8172 4
8173 4
8176 2
8182 2
8183 2
8184 2
8185 2
8189 2
8190 2
8194 2
8196 2
8197 4
8198 4
8201 2
8204 2
8207 2
8212 2
8215 2
8216 2
8218 2
8219 2
8220 4
8222 4
8225 2
8228 2
8229 2
8230 2
8232 6
8233 2
8234 2
8237 2
8238 2
8241 6
8244 4
8245 4
8246 2
8247 2
8248 4
8252 2
8255 2
8256 2
8257 2
8258 2
8259 2
8261 4
8264 4
8265 2
8268 4
8271 2
8272 2
8276 2
8277 2
8278 4
8279 2
8280 2
8282 4
8284 2
8285 4
8288 2
8290 2
8292 6
8293 4
8294 2
8296 2
8297 2
8299 2
8301 2
8302 4
8305 2
8309 2
8310 2
8311 4
8313 2
8318 2
8321 2
8324 6
8325 2
8326 2
8327 2
8329 2
8330 2
8331 2
8332 4
8334 2
8335 2
8337 4
8338 4
8339 2
8341 2
8346 2
8347 2
8349 2
8352 2
8353 4
8361 2
8364 2
8365 2
8366 4
8367 2
8368 2
8373 2
8375 4
8376 4
8377 2
8378 4
8380 2
8382 6
8383 2
8384 2
8385 2
8386 2
8387 4
8392 2
8393 2
8394 8
8396 2
8398 2
8400 4
8402 2
8403 6
8407 6
8409 2
8410 2
8411 2
8413 2
8417 2
8418 8
8419 2
8423 4
8424 6
8425 2
8429 8
8437 2
8439 4
8442 4
8443 4
8444 2
8448 2
8454 2
8458 2
8461 2
8462 2
8464 2
8465 4
8466 2
8467 2
8468 2
8470 2
8471 8
8475 2
8479 2
8482 2
8484 8
8490 2
8493 2
8494 2
8495 4
8497 8
8498 2
8500 2
8501 6
8502 2
8504 6
8506 2
8512 4
8513 4
8514 2
8516 4
8518 2
8520 6
8522 2
8524 6
8525 2
8526 2
8528 4
8529 2
8530 8
8531 2
8532 4
8533 2
8534 2
8536 2
8537 2
8539 6
8541 6
8542 2
8543 2
8544 2
8546 2
8547 2
8548 4
8549 6
8550 10
8551 2
8554 2
8557 4
8559 2
8560 2
8561 2
8563 2
8564 2
8566 2
8567 4
8569 2
8570 6
8574 2
8575 2
8578 6
8579 4
8581 4
8582 2
8583 2
8586 4
8588 4
8589 2
8594 2
8595 6
8596 2
8598 2
8599 4
8601 2
8602 4
8603 4
8604 4
8606 2
8612 2
8614 2
8616 2
8617 2
8618 2
8619 4
8620 2
8622 2
8627 2
8628 4
8630 2
8631 2
8633 6
8634 2
8636 2
8637 2
8638 2
8639 2
8640 2
8641 2
8642 2
8644 6
8645 2
8649 6
8654 2
8664 2
8667 6
8670 2
8672 2
8673 2
8674 4
8675 2
8677 2
8678 4
8679 2
8680 2
8683 2
8688 2
8691 2
8692 2
8695 4
8698 2
8699 2
8701 2
8703 2
8705 6
8706 2
8708 6
8710 2
8712 4
8713 2
8714 4
8715 2
8716 2
8717 2
8718 2
8723 2
8727 2
8731 2
8735 2
8737 2
8738 4
8739 2
8742 2
8743 2
8749 2
8752 2
8754 2
8755 6
8759 2
8762 2
8765 2
8766 2
8767 2
8769 2
8771 2
8772 2
8778 2
8780 2
8781 2
8782 4
8783 4
8785 2
8786 2
8787 2
8788 2
8791 4
8793 4
8796 2
8798 2
8803 2
8804 2
8805 4
8806 2
8807 2
8808 4
8809 2
8810 4
8811 4
8814 2
8816 2
8817 2
8818 2
8820 2
8821 4
8822 2
8828 2
8829 2
8831 2
8833 2
8834 2
8837 2
8838 4
8840 2
8843 10
8844 4
8845 6
8846 2
8847 2
8848 8
8850 2
8853 2
8854 2
8857 2
8858 2
8859 4
8865 2
8867 2
8868 2
8872 4
8873 4
8875 4
8880 2
8881 2
8883 2
8884 2
8885 6
8887 2
8890 6
8891 2
8893 4
8895 2
8896 2
8897 2
8898 2
8900 2
8906 4
8908 6
8910 4
8911 2
8913 4
8914 2
8915 4
8916 2
8917 4
8919 4
8920 2
8924 2
8925 2
8926 2
8927 2
8933 2
8936 4
8938 4
8939 2
8941 2
8943 2
8944 2
8945 2
8949 4
8950 4
8953 2
8960 4
8961 2
8963 4
8964 4
8966 2
8969 2
8971 2
8973 4
8975 2
8976 4
8977 6
8980 2
8981 4
8982 4
8984 2
8985 2
8986 4
8988 2
8989 2
8991 2
8992 2
8995 2
8996 2
8997 4
8998 2
9003 4
9004 2
9007 2
9010 2
9012 4
9013 2
9016 4
9019 2
9020 4
9022 2
9026 2
9028 2
9029 2
9031 8
9032 2
9034 2
9036 2
9037 2
9038 2
9039 6
9040 2
9041 4
9044 2
9046 4
9047 2
9049 4
9054 2
9062 2
9067 2
9068 2
9069 2
9072 2
9075 2
9076 2
9078 2
9079 2
9080 2
9084 2
9085 2
9087 2
9088 2
9090 2
9093 2
9096 2
9097 2
9099 4
9101 4
9104 4
9110 2
9111 2
9112 4
9113 2
9114 2
9116 2
9118 2
9119 2
9120 2
9123 2
9127 2
9129 6
9132 6
9133 2
9134 2
9135 4
9136 4
9139 4
9140 4
9141 4
9144 4
9145 2
9152 6
9154 2
9156 2
9162 2
9164 2
9166 2
9168 2
9170 2
9171 2
9172 4
9174 6
9175 2
9177 6
9178 2
9180 6
9181 2
9182 4
9184 4
9185 2
9190 4
9191 2
9192 4
9195 4
9201 2
9202 4
9204 2
9206 2
9207 2
9209 2
9210 4
9211 2
9212 8
9213 2
9214 2
9216 2
9218 2
9221 2
9223 4
9224 4
9227 4
9229 2
9230 2
9237 4
9241 2
9243 4
9246 2
9247 4
9248 2
9249 6
9253 2
9254 2
9260 2
9261 2
9262 2
9267 2
9270 4
9271 2
9274 2
9275 2
9277 6
9281 2
9284 2
9286 2
9288 2
9291 2
9295 2
9304 2
9307 4
9308 2
9309 2
9315 2
9321 2
9324 2
9325 2
9326 2
9327 2
9329 2
9332 2
9333 2
9334 2
9339 2
9341 2
9344 2
9347 4
9348 2
9350 4
9351 4
9352 2
9354 2
9356 2
9358 2
9359 4
9360 4
9365 4
9367 2
9368 2
9369 4
9370 2
9371 2
9374 4
9375 2
9376 2
9377 2
9378 2
9384 2
9390 2
9391 2
9393 2
9398 4
9411 2
9413 2
9415 2
9416 2
9417 2
9421 2
9422 2
9424 2
9426 4
9428 2
9433 2
9442 4
9443 2
9450 2
9451 2
9454 2
9461 4
9466 2
9467 2
9469 6
9473 2
9474 2
9482 2
9483 2
9484 2
9485 2
9492 2
9493 2
9498 2
9499 2
9501 2
9509 2
9511 2
9514 2
9515 4
9516 2
9519 2
9520 2
9524 2
9530 2
9535 2
9537 2
9541 2
9542 2
9545 4
9548 2
9551 2
9552 2
9553 2
9558 4
9561 2
9562 4
9564 6
9565 2
9566 2
9567 2
9568 2
9572 2
9573 2
9578 2
9579 2
9580 2
9581 4
9582 2
9583 2
9584 2
9590 2
9594 8
9596 2
9600 4
9605 2
9611 2
9612 2
9613 2
9617 2
9618 6
9619 2
9623 2
9624 2
9626 2
9627 6
9628 4
9629 4
9632 2
9633 2
9637 2
9639 4
9640 2
9644 2
9646 2
9649 2
9652 2
9653 2
9654 2
9656 4
9657 2
9659 2
9660 2
9663 2
9664 4
9668 6
9669 6
9672 2
9674 4
9675 2
9680 2
9683 2
9691 2
9692 2
9693 4
9694 2
9695 2
9698 2
9699 4
9704 4
9705 2
9706 2
9709 2
9714 2
9718 4
9720 2
9725 2
9727 2
9728 2
9731 2
9744 2
9746 2
9748 2
9751 2
9752 2
9756 2
9758 2
9767 2
9771 2
9779 2
9780 2
9782 2
9785 2
9786 6
9794 2
9795 2
9800 4
9801 2
9805 2
9806 2
9809 2
9812 4
9814 2
9825 2
9826 2
9827 2
9828 2
9831 2
9833 4
9835 2
9838 2
9840 2
9844 4
9848 4
9851 2
9852 2
9856 2
9862 6
9864 2
9866 2
9870 2
9871 2
9872 2
9873 2
9874 6
9877 2
9879 2
9880 2
9881 2
9891 2
9893 2
9894 2
9901 2
9902 4
9903 2
9906 4
9907 2
9915 2
9916 2
9920 4
9923 2
9928 2
9931 2
9932 2
9934 2
9935 2
9936 2
9937 2
9940 2
9943 2
9946 2
9950 2
9951 2
9954 2
9956 2
9962 2
9964 8
9965 4
9966 4
9967 2
9969 2
9970 2
9971 2
9974 2
9976 2
9980 2
9981 2
9982 2
9983 2
9984 2
9988 2
9991 2
9994 2
9995 4
9998 4
10003 2
10005 2
10006 4
10007 2
10008 2
10009 2
10010 2
10014 6
10015 2
10017 2
10019 2
10022 6
10024 4
10025 2
10026 4
10027 4
10028 2
10031 2
10037 6
10042 2
10046 2
10050 2
10051 2
10053 2
10054 6
10059 2
10061 2
10066 2
10068 4
10069 2
10073 2
10075 2
10076 4
10077 2
10081 4
10082 2
10085 2
10086 2
10087 2
10088 2
10091 2
10092 2
10098 2
10100 4
10104 2
10111 2
10112 2
10116 2
10119 2
10120 2
10122 2
10123 2
10124 2
10129 2
10130 2
10131 2
10132 2
10133 4
10134 2
10137 2
10138 4
10140 2
10142 4
10147 2
10148 4
10149 2
10150 2
10151 4
10152 2
10153 2
10154 2
10155 4
10156 2
10157 2
10162 2
10165 2
10166 2
10167 2
10170 2
10171 4
10172 2
10175 2
10178 2
10180 2
10182 2
10186 2
10187 2
10190 4
10194 2
10196 2
10197 2
10198 4
10199 2
10201 2
10202 2
10203 4
10204 2
10206 2
10209 2
10211 2
10213 2
10215 2
10223 4
10225 2
10226 2
10227 2
10228 4
10229 2
10230 2
10231 2
10233 4
10237 2
10241 2
10242 2
10243 2
10244 2
10246 4
10247 4
10249 4
10253 2
10255 4
10260 2
10263 4
10264 2
10268 2
10271 4
10273 2
10279 2
10282 2
10283 2
10287 2
10289 2
10293 4
10300 2
10304 4
10310 4
10313 2
10314 2
10317 4
10319 2
10322 2
10326 4
10327 2
10333 2
10334 2
10339 2
10340 2
10343 2
10345 4
10346 2
10347 2
10354 2
10355 2
10356 2
10357 2
10359 2
10360 2
10365 2
10367 2
10371 2
10372 2
10375 4
10377 2
10379 4
10380 4
10387 4
10388 2
10390 2
10391 2
10399 2
10401 2
10410 2
10412 8
10415 2
10416 4
10421 2
10422 2
10431 2
10433 2
10434 2
10435 2
10440 4
10442 2
10447 4
10448 2
10452 2
10453 4
10456 4
10457 2
10458 2
10460 2
10461 2
10465 2
10466 2
10472 4
10473 2
10474 4
10475 2
10479 2
10480 2
10483 2
10484 2
10486 2
10490 2
10493 2
10495 2
10504 2
10505 2
10506 2
10508 4
10509 2
10515 2
10517 4
10520 2
10521 2
10523 2
10528 2
10531 2
10532 2
10538 2
10539 2
10541 4
10543 2
10544 6
10549 2
10550 2
10551 2
10552 2
10553 2
10554 2
10557 2
10562 4
10563 4
10565 2
10566 2
10569 4
10570 2
10573 2
10574 2
10579 2
10580 2
10582 2
10584 2
10588 2
10589 2
10590 6
10593 2
10594 2
10597 2
10598 4
10599 2
10602 2
10603 2
10606 2
10607 2
10609 4
10611 2
10612 2
10614 6
10615 2
10617 2
10623 2
10627 6
10630 2
10633 2
10638 2
10643 2
10644 4
10645 4
10648 4
10652 6
10655 2
10657 2
10658 2
10659 2
10660 2
10666 4
10670 4
10671 2
10673 2
10674 2
10677 2
10678 2
10679 4
10681 4
10683 2
10688 2
10689 2
10693 2
10694 4
10696 2
10697 2
10705 2
10709 2
10711 2
10713 2
10716 2
10717 2
10720 2
10725 2
10727 2
10729 2
10732 4
10734 2
10736 2
10739 2
10741 4
10750 2
10765 2
10766 2
10767 2
10768 2
10770 2
10772 2
10776 2
10779 4
10780 2
10788 4
10790 2
10793 2
10794 2
10795 2
10797 2
10802 2
10805 4
10811 2
10819 2
10828 2
10834 2
10837 2
10840 4
10841 4
10843 2
10844 2
10849 2
10852 2
10856 4
10861 4
10862 2
10863 2
10864 2
10874 2
10876 2
10881 2
10883 2
10889 2
10890 2
10891 2
10892 2
10897 2
10900 2
10902 2
10905 2
10918 4
10919 2
10922 2
10928 4
10930 2
10931 2
10934 2
10941 2
10945 4
10946 2
10948 2
10949 2
10958 4
10960 4
10965 2
10974 2
10977 2
10979 4
10982 2
10983 2
10991 2
10992 2
10995 2
10998 2
11003 2
11004 4
11005 6
11006 4
11017 2
11021 2
11022 2
11026 4
11028 4
11029 2
11031 2
11035 4
11036 4
11037 2
11040 2
11041 2
11042 4
11048 4
11049 2
11054 2
11058 2
11062 4
11063 4
11066 2
11069 6
11077 2
11078 2
11080 2
11082 2
11084 4
11086 4
11087 2
11091 2
11093 2
11094 2
11102 2
11107 2
11109 2
11113 2
11115 4
11117 2
11127 2
11130 4
11131 2
11133 2
11134 2
11137 2
11140 2
11141 2
11142 4
11144 2
11146 2
11148 2
11149 4
11150 2
11153 2
11154 2
11157 2
11160 2
11163 2
11164 2
11165 2
11167 2
11168 4
11169 4
11172 2
11180 2
11181 4
11188 2
11194 2
11203 4
11204 8
11205 2
11210 4
11212 4
11216 2
11218 4
11219 4
11220 2
11235 2
11236 4
11237 2
11238 2
11240 6
11241 2
11244 2
11245 2
11246 2
11248 2
11249 2
11250 4
11253 4
11256 2
11258 2
11260 2
11261 2
11263 2
11265 2
11268 4
11271 2
11276 2
11277 4
11282 2
11291 2
11293 2
11296 4
11297 2
11299 2
11301 2
11302 6
11305 2
11306 4
11307 2
11308 2
11309 4
11311 2
11314 2
11315 2
11316 4
11317 2
11318 2
11322 4
11325 2
11327 4
11329 2
11333 4
11334 2
11343 2
11344 2
11347 6
11352 2
11355 2
11357 2
11360 4
11361 2
11364 4
11366 2
11367 2
11368 2
11371 2
11375 2
11376 2
11380 2
11385 2
11386 2
11388 2
11389 2
11390 2
11391 2
11393 2
11396 2
11397 2
11398 4
11399 2
11409 2
11410 2
11411 2
11414 4
11415 4
11418 2
11424 2
11428 2
11429 2
11430 2
11431 2
11433 2
11440 8
11447 4
11449 2
11451 2
11454 2
11455 2
11458 2
11464 2
11465 2
11469 6
11473 2
11474 2
11478 2
11480 4
11481 2
11484 2
11497 2
11506 2
11509 2
11511 2
11516 2
11522 2
11528 2
11535 2
11536 2
11537 2
11538 2
11539 4
11544 2
11545 2
11548 2
11549 4
11556 2
11559 2
11560 2
11568 2
11571 2
11573 2
11588 2
11590 4
11592 2
11593 2
11603 2
11609 2
11611 2
11615 2
11617 4
11618 2
11621 2
11622 2
11623 2
11638 2
11649 2
11653 2
11654 2
11657 2
11662 2
11667 2
11668 2
11670 2
11675 4
11680 2
11681 2
11687 4
11688 2
11689 2
11699 2
11702 4
11705 4
11706 2
11716 2
11719 2
11723 2
11726 2
11732 2
11743 2
11746 2
11753 2
11755 2
11756 2
11763 2
11773 2
11778 2
11779 2
11780 2
11783 2
11785 2
11787 2
11791 2
11795 2
11801 2
11804 2
11805 2
11809 2
11817 4
11818 2
11821 2
11825 2
11832 2
11840 2
11851 2
11852 2
11859 2
11865 2
11868 2
11870 2
11882 2
11883 2
11896 2
11905 2
11907 2
11911 2
11915 2
11926 2
11931 4
11932 2
11934 2
11937 2
11942 2
11943 2
11948 2
11957 2
11960 2
11963 2
11971 2
11989 2
11993 2
11996 2
12001 2
12005 2
12006 2
12009 2
12010 2
12017 2
12025 2
12029 2
12034 2
12036 2
12038 2
12040 2
12041 2
12050 2
12053 2
12056 2
12057 2
12060 2
12072 2
12073 2
12075 2
12076 4
12079 2
12086 2
12087 2
12088 4
12090 2
12095 2
12096 4
12097 2
12098 2
12101 2
12104 2
12108 2
12112 2
12122 2
12126 2
12129 2
12132 2
12133 2
12135 2
12141 2
12148 2
12163 2
12165 2
12166 4
12168 2
12169 2
12176 2
12177 2
12178 2
12180 2
12182 2
12183 2
12185 4
12198 2
12217 2
12221 2
12224 4
12226 6
12228 2
12231 2
12232 2
12234 2
12245 2
12249 2
12263 4
12265 4
12267 2
12270 2
12274 2
12276 2
12284 2
12286 2
12293 2
12294 2
12302 2
12307 4
12308 2
12315 2
12318 2
12319 2
12329 4
12339 2
12340 2
12344 2
12351 2
12354 2
12357 2
12362 2
12368 2
12369 2
12372 2
12379 2
12382 2
12385 2
12388 4
12390 2
12396 2
12400 2
12403 2
12414 2
12415 2
12418 2
12425 2
12430 2
12435 2
12438 2
12444 2
12448 2
12451 2
12452 2
12453 2
12457 2
12459 2
12467 2
12476 2
12478 2
12506 2
12509 2
12528 2
12529 2
12532 2
12544 2
12545 4
12549 2
12551 4
12574 2
12586 2
12588 2
12589 2
12594 2
12601 2
12604 2
12608 2
12613 2
12619 2
12625 2
12631 2
12632 2
12633 2
12635 2
12638 2
12642 4
12648 2
12655 2
12657 2
12666 2
12669 2
12674 4
12682 2
12685 2
12688 2
12692 2
12695 2
12701 2
12709 2
12712 2
12713 2
12715 2
12718 2
12722 2
12724 2
12727 2
12732 6
12735 2
12739 2
12745 2
12753 2
12755 2
12756 2
12761 2
12763 4
12772 2
12783 4
12786 2
12791 2
12792 2
12794 6
12796 4
12807 2
12809 2
12819 2
12829 2
12830 2
12835 2
12849 2
12850 2
12860 4
12864 2
12870 2
12877 2
12922 2
12937 2
12948 2
12968 2
12970 2
12971 4
12972 4
12983 2
12992 2
12996 2
12998 2
13012 2
13013 2
13017 2
13024 2
13026 2
13030 4
13049 2
13052 2
13055 2
13067 2
13068 2
13073 2
13077 4
13088 2
13097 2
13098 2
13102 2
13106 2
13109 2
13116 2
13123 2
13126 2
13137 2
13164 2
13167 2
13168 4
13169 2
13179 2
13180 2
13181 2
13190 2
13196 2
13198 2
13199 2
13204 2
13206 2
13226 2
13230 2
13231 2
13238 2
13243 2
13245 2
13256 2
13260 2
13267 2
13270 2
13274 2
13277 2
13278 2
13279 2
13282 2
13294 2
13307 2
13308 2
13309 2
13317 2
13327 2
13336 2
13339 2
13342 2
13343 2
13346 2
13351 2
13367 2
13368 2
13371 2
13372 2
13380 2
13388 2
13392 2
13400 4
13405 2
13406 2
13408 2
13409 2
13414 2
13424 2
13433 2
13434 2
13437 4
13441 6
13443 2
13448 2
13451 2
13460 2
13461 6
13472 2
13495 2
13502 2
13511 2
13512 2
13514 2
13516 4
13519 2
13523 2
13524 2
13540 2
13542 2
13564 2
13566 2
13568 2
13574 2
13580 4
13599 2
13624 2
13628 2
13631 2
13634 2
13635 4
13645 4
13656 2
13667 2
13669 4
13673 2
13674 2
13680 2
13681 2
13692 2
13697 2
13704 2
13727 2
13742 2
13750 2
13757 2
13762 2
13765 2
13780 4
13782 2
13783 2
13785 2
13788 2
13792 2
13794 2
13795 2
13804 2
13811 2
13824 2
13831 4
13832 2
13833 2
13835 4
13837 2
13846 2
13851 2
13852 2
13870 2
13902 2
13903 2
13904 2
13909 2
13915 2
13947 2
13948 2
13954 2
13958 2
13959 4
13962 2
13972 2
13975 2
13977 2
13978 2
13982 2
13991 2
13992 2
13995 4
13998 2
14000 2
14010 4
14011 2
14014 2
14021 2
14022 2
14034 2
14041 2
14042 4
14045 2
14046 2
14053 4
14054 2
14059 2
14062 4
14071 2
14072 2
14075 2
14077 2
14078 2
14081 2
14092 2
14110 4
14115 2
14118 2
14119 2
14123 4
14124 2
14150 2
14151 2
14153 2
14165 2
14167 2
14170 2
14174 4
14177 2
14181 2
14201 2
14205 2
14206 2
14212 4
14217 2
14227 2
14233 2
14239 2
14245 2
14246 2
14250 2
14251 2
14253 2
14257 2
14268 2
14298 2
14307 2
14314 2
14318 2
14325 2
14327 2
14340 2
14352 2
14362 2
14375 2
14376 2
14385 2
14386 2
14388 2
14396 2
14399 2
14409 2
14422 2
14429 2
14445 2
14447 2
14448 2
14449 2
14453 2
14467 2
14471 2
14475 2
14490 2
14493 2
14494 2
14497 2
14499 2
14500 2
14518 2
14527 2
14530 2
14537 2
14540 2
14545 2
14546 2
14547 2
14557 2
14562 2
14564 2
14572 2
14577 2
14598 2
14599 2
14601 2
14602 2
14604 2
14605 2
14607 2
14611 2
14612 2
14613 2
14624 2
14633 2
14635 2
14636 2
14638 2
14639 4
14644 2
14651 2
14656 2
14658 4
14674 2
14678 2
14688 4
14699 2
14702 2
14706 2
14708 4
14709 2
14711 2
14719 2
14720 2
14726 2
14728 2
14729 2
14731 2
14738 2
14742 2
14744 2
14749 2
14752 2
14759 2
14760 4
14769 2
14775 2
14777 2
14778 2
14779 2
14794 2
14796 2
14806 2
14814 2
14818 2
14820 2
14827 2
14828 2
14829 2
14835 2
14842 2
14845 2
14847 2
14850 2
14881 2
14883 2
14886 2
14887 2
14894 2
14896 2
14897 2
14905 2
14906 2
14911 2
14925 2
14927 2
14934 2
14952 2
14955 2
14958 2
14961 2
14966 2
14973 2
14975 2
14984 4
14985 4
14987 2
14989 2
14992 2
14996 2
14998 2
14999 2
15003 2
15004 4
15006 2
15007 2
15008 2
15012 2
15014 2
15017 2
15034 2
15035 2
15038 4
15039 2
15042 2
15043 2
15050 2
15051 2
15054 2
15058 2
15063 2
15068 2
15069 4
15071 2
15076 2
15083 2
15085 2
15095 2
15097 2
15098 2
15099 2
15111 2
15112 2
15120 2
15122 4
15139 2
15156 2
15157 4
15162 2
15163 2
15166 2
15172 2
15177 2
15178 2
15180 4
15183 2
15186 2
15187 2
15194 2
15197 2
15205 2
15208 2
15209 2
15210 2
15212 2
15213 2
15214 2
15216 2
15217 2
15218 2
15221 4
15223 2
15224 2
15233 4
15237 4
15239 2
15242 2
15246 2
15248 2
15250 2
15251 2
15252 2
15253 2
15260 2
15261 2
15271 2
15275 2
15278 2
15280 2
15287 4
15288 2
15289 2
15290 2
15291 2
15297 2
15300 4
15318 4
15319 2
15320 2
15343 2
15347 2
15355 2
15364 2
15365 2
15367 2
15368 2
15377 2
15382 2
15385 2
15400 2
15406 2
15422 2
15426 4
15429 2
15434 2
15438 2
15441 2
15445 2
15464 2
15466 2
15470 2
15473 2
15479 2
15480 2
15484 2
15490 2
15491 2
15493 2
15494 4
15497 2
15502 2
15505 2
15512 2
15513 2
15514 2
15519 2
15522 2
15525 2
15527 2
15530 2
15533 2
15534 2
15535 2
15536 2
15539 2
15562 2
15579 2
15588 2
15590 2
15592 2
15599 2
15600 2
15605 2
15610 2
15611 4
15619 2
15621 2
15626 2
15629 2
15633 2
15634 2
15648 2
15660 2
15662 4
15665 2
15666 2
15667 2
15668 2
15674 2
15677 2
15688 2
15693 2
15702 2
15704 2
15705 2
15708 2
15726 2
15732 4
15735 2
15746 2
15753 2
15764 2
15772 2
15779 2
15784 2
15796 2
15801 2
15804 2
15807 2
15808 2
15817 2
15818 2
15819 4
15820 4
15824 2
15834 2
15844 2
15847 2
15849 2
15853 2
15854 2
15862 4
15863 2
15867 2
15869 2
15872 2
15875 2
15881 2
15884 2
15905 2
15906 4
15908 2
15918 2
15921 2
15933 4
15937 2
15940 2
15943 2
15978 2
15985 2
15997 2
16001 4
16003 2
16007 2
16015 2
16016 2
16017 2
16020 2
16026 2
16034 2
16036 2
16042 2
16045 2
16060 2
16068 2
16076 2
16078 2
16084 2
16089 2
16111 2
16112 2
16113 2
16114 2
16117 4
16130 2
16132 2
16134 2
16135 2
16137 2
16140 2
16147 2
16150 2
16154 4
16155 2
16160 2
16167 2
16168 2
16173 2
16177 2
16190 2
16192 2
16201 2
16202 2
16211 2
16214 4
16221 2
16223 2
16229 2
16232 2
16233 2
16240 2
16248 4
16256 2
16260 2
16262 2
16263 2
16264 2
16267 2
16271 2
16274 4
16275 2
16290 2
16295 2
16317 2
16319 4
16321 4
16322 4
16324 2
16337 2
16343 2
16346 2
16360 4
16368 2
16376 2
16380 2
16382 2
16387 2
16391 4
16394 2
16395 2
16399 2
16405 2
16418 2
16420 2
16421 2
16441 2
16443 2
16450 2
16453 2
16457 2
16468 4
16487 2
16488 2
16494 2
16500 2
16512 4
16523 2
16524 2
16530 2
16535 2
16556 2
16557 2
16563 4
16570 2
16575 2
16591 2
16612 2
16617 2
16625 2
16631 2
16639 2
16659 2
16661 2
16683 2
16694 2
16703 2
16704 2
16705 2
16721 2
16722 2
16725 2
16731 2
16736 4
16737 2
16738 2
16739 2
16742 2
16745 2
16751 2
16766 2
16767 2
16770 4
16778 2
16786 2
16788 2
16801 2
16805 2
16806 2
16814 2
16817 2
16820 2
16821 2
16825 2
16828 4
16829 2
16833 2
16834 2
16840 2
16851 2
16852 2
16860 2
16864 2
16880 2
16897 2
16906 4
16911 2
16914 4
16919 2
16924 2
16928 2
16929 2
16941 2
16942 2
16955 2
16964 2
16965 2
16968 2
16978 2
16979 2
17001 2
17017 2
17022 2
17047 2
17083 2
17104 2
17109 2
17112 2
17130 2
17143 2
17157 2
17184 2
17202 2
17212 2
17216 2
17221 2
17235 2
17243 2
17262 2
17266 2
17277 2
17289 2
17294 2
17302 2
17303 2
17305 2
17314 2
17324 2
17330 2
17334 2
17340 2
17347 2
17368 2
17388 4
17401 2
17423 2
17430 4
17445 2
17479 2
17482 2
17490 2
17494 2
17495 2
17498 2
17502 2
17513 2
17522 2
17525 2
17529 2
17532 2
17558 2
17581 2
17582 2
17588 2
17599 2
17610 2
17611 2
17618 2
17621 2
17633 2
17638 4
17647 2
17655 2
17665 2
17676 2
17679 2
17693 2
17695 4
17701 2
17702 2
17719 2
17723 2
17729 2
17742 2
17743 2
17745 2
17755 2
17758 2
17767 2
17783 2
17791 2
17814 2
17829 2
17836 2
17838 2
17843 2
17874 2
17882 2
17890 2
17893 2
17895 2
17897 2
17915 2
17925 2
17933 2
17936 2
17942 2
17955 2
17956 2
17996 2
18001 2
18010 2
18027 2
18032 4
18035 2
18036 2
18041 4
18062 2
18064 2
18073 2
18083 2
18084 2
18087 2
18089 2
18105 2
18123 2
18136 2
18141 2
18143 2
18159 2
18170 2
18182 2
18197 2
18200 2
18205 2
18211 2
18213 2
18217 2
18218 2
18222 2
18225 2
18234 2
18235 2
18248 2
18267 2
18275 2
18276 2
18290 4
18293 2
18300 2
18330 2
18331 2
18357 2
18368 2
18372 2
18377 2
18397 2
18440 2
18444 2
18454 2
18474 2
18475 2
18484 2
18486 2
18502 2
18506 2
18510 2
18516 2
18518 2
18520 2
18522 2
18535 2
18543 2
18553 4
18554 2
18569 2
18570 2
18579 2
18582 2
18584 2
18601 4
18603 2
18605 2
18611 4
18612 2
18617 2
18620 2
18625 2
18626 2
18636 2
18649 2
18660 2
18663 2
18675 2
18677 2
18714 2
18723 2
18738 2
18745 2
18753 2
18755 2
18759 2
18760 2
18761 2
18769 2
18780 2
18783 2
18785 4
18829 2
18841 2
18872 2
18875 4
18879 2
18880 2
18881 2
18883 2
18905 2
18912 2
18930 2
18933 2
18942 2
18949 2
18955 2
18958 2
18972 2
18975 2
18993 2
19016 2
19044 2
19050 2
19064 2
19096 2
19100 2
19107 2
19135 2
19139 2
19168 2
19170 2
19172 2
19174 2
19224 2
19291 2
19295 2
19306 2
19312 2
19313 2
19332 2
19342 2
19361 2
19373 2
19378 2
19383 2
19437 2
19440 2
19441 2
19498 2
19519 2
19520 2
19528 2
19531 2
19552 2
19556 2
19571 2
19573 4
19582 2
19597 2
19599 2
19616 2
19618 2
19652 2
19670 2
19676 2
19701 2
19714 2
19715 2
19720 2
19732 2
19734 2
19741 2
19745 2
19749 2
19751 2
19762 2
19788 2
19791 2
19804 2
19818 4
19826 2
19831 2
19845 2
19846 2
19863 2
19901 2
19910 2
19954 2
19967 2
19981 2
20017 2
20034 2
20046 2
20048 2
20072 2
20076 2
20079 2
20092 2
20100 2
20125 2
20131 2
20138 2
20152 2
20153 2
20166 2
20191 2
20198 2
20199 2
20204 2
20214 2
20279 2
20292 2
20314 2
20317 4
20318 2
20333 2
20370 2
20374 2
20382 2
20392 2
20398 2
20402 2
20409 2
20428 2
20430 2
20444 2
20454 2
20521 2
20526 2
20551 2
20555 2
20571 2
20591 2
20599 2
20607 2
20627 2
20628 2
20631 2
20633 2
20638 2
20641 2
20665 2
20671 2
20730 2
20731 2
20753 2
20765 2
20767 4
20770 2
20802 2
20806 2
20809 2
20821 2
20829 2
20854 2
20858 2
20864 2
20871 2
20884 2
20887 2
20954 2
20970 4
20974 2
20978 2
20988 2
21006 2
21011 2
21016 2
21026 2
21030 2
21037 2
21040 2
21044 2
21060 2
21076 2
21100 2
21107 2
21125 2
21131 2
21141 2
21143 2
21171 2
21172 2
21173 4
21184 2
21204 2
21209 2
21210 2
21215 2
21248 2
21258 2
21274 2
21313 2
21317 2
21320 4
21340 2
21353 2
21372 2
21398 2
21413 2
21431 2
21494 2
21524 2
21533 2
21552 2
21592 2
21621 2
21630 2
21647 4
21658 4
21719 2
21723 2
21730 2
21793 2
21802 2
21828 2
21830 2
21863 2
21893 2
21900 2
21912 2
21919 2
21920 2
21934 4
21939 2
21978 2
21981 2
21986 2
21991 2
21998 2
22002 2
22010 2
22025 2
22026 2
22040 2
22041 2
22046 2
22054 2
22076 2
22085 2
22087 2
22113 2
22114 2
22154 2
22160 2
22163 2
22170 2
22227 2
22251 2
22253 2
22266 2
22276 2
22277 2
22278 2
22280 2
22295 2
22301 2
22306 2
22309 2
22327 2
22414 2
22426 2
22439 2
22448 2
22453 2
22470 2
22472 2
22478 2
22506 2
22524 4
22557 2
22592 2
22603 2
22623 2
22637 2
22714 2
22723 2
22752 2
22793 2
22796 2
22799 2
22821 2
22827 2
22833 2
22835 2
22869 2
22883 2
22909 2
22917 2
22920 2
22950 2
22957 2
22958 2
22990 2
22998 2
23002 2
23015 2
23052 2
23054 2
23058 2
23069 2
23091 2
23092 2
23103 2
23122 2
23131 2
23136 2
23139 2
23140 2
23158 2
23161 4
23163 2
23168 2
23176 2
23181 2
23200 2
23201 2
23215 2
23220 2
23227 2
23280 2
23282 2
23297 2
23305 2
23319 2
23323 2
23341 2
23343 2
23357 4
23360 2
23380 2
23386 2
23403 2
23411 2
23415 2
23417 2
23425 2
23455 4
23467 2
23493 2
23494 2
23504 2
23506 2
23534 2
23539 2
23564 2
23565 2
23566 2
23571 2
23574 2
23603 2
23610 2
23623 2
23637 2
23657 2
23670 2
23671 2
23703 2
23711 2
23732 2
23734 2
23743 2
23747 2
23754 2
23777 2
23811 2
23815 2
23819 2
23820 2
23823 2
23830 2
23831 2
23832 2
23843 2
23845 4
23858 2
23863 2
23882 2
23883 2
23895 2
23920 2
23943 2
23944 4
23949 2
23957 2
23968 2
23975 2
23984 2
24003 2
24006 2
24018 2
24029 2
24037 2
24055 2
24078 2
24086 2
24110 2
24111 2
24120 2
24122 2
24127 2
24150 2
24152 2
24172 2
24174 2
24176 2
24177 2
24178 2
24212 2
24219 2
24224 2
24227 2
24236 2
24245 2
24260 2
24262 4
24283 2
24291 2
24297 2
24310 4
24340 2
24341 2
24379 2
24403 2
24406 2
24412 2
24416 2
24427 2
24463 2
24477 2
24502 2
24511 2
24543 2
24549 2
24563 2
24570 2
24578 2
24582 2
24596 4
24635 2
24654 2
24656 2
24658 2
24696 2
24729 2
24730 2
24757 2
24771 2
24780 2
24793 2
24815 2
24823 2
24844 2
24857 2
24940 2
24945 2
24965 2
24971 2
25004 2
25016 2
25033 2
25076 2
25082 2
25095 2
25105 2
25129 2
25146 4
25150 2
25153 2
25160 2
25167 2
25168 2
25174 2
25177 2
25182 2
25199 2
25215 2
25222 4
25224 2
25243 2
25261 2
25293 4
25298 2
25322 2
25340 2
25345 2
25346 4
25361 2
25367 2
25396 2
25403 2
25412 2
25420 2
25437 2
25443 2
25481 2
25506 2
25516 2
25532 2
25543 2
25553 2
25562 2
25574 2
25582 2
25596 2
25601 2
25611 2
25612 2
25623 2
25627 2
25659 2
25665 2
25679 2
25722 2
25732 2
25742 2
25783 2
25821 2
25839 2
25867 2
25874 2
25883 2
25885 2
25894 2
25901 2
25914 2
25921 2
25944 2
25970 2
25976 2
25979 2
25986 2
25990 2
25995 2
26007 2
26025 2
26046 2
26047 2
26050 2
26060 2
26068 2
26072 2
26082 2
26088 2
26106 2
26113 2
26185 2
26210 2
26220 2
26240 2
26260 2
26276 2
26279 4
26308 2
26316 2
26323 2
26330 2
26334 2
26342 2
26344 2
26421 4
26429 2
26437 2
26456 2
26457 2
26464 2
26467 2
26484 2
26491 2
26518 2
26538 2
26553 2
26566 2
26571 2
26589 2
26590 2
26608 2
26609 2
26617 2
26650 2
26669 2
26678 2
26683 2
26692 2
26727 2
26731 2
26746 2
26774 2
26788 2
26793 2
26794 2
26805 2
26813 2
26815 2
26827 2
26828 2
26831 2
26853 2
26856 2
26859 2
26863 2
26875 2
26889 2
26901 2
26911 2
26914 2
26925 4
26926 2
26928 2
26945 2
26953 2
26956 4
26971 2
26974 2
26982 2
26991 2
27009 2
27025 2
27058 2
27063 2
27066 2
27088 2
27101 2
27102 2
27121 2
27122 2
27123 2
27143 2
27174 2
27213 2
27216 2
27250 2
27254 2
27299 2
27327 2
27331 2
27340 2
27345 2
27415 2
27425 2
27447 2
27491 2
27502 2
27623 2
27642 2
27657 2
27665 2
27670 2
27704 2
27757 2
27790 2
27792 2
27809 2
27813 2
27845 2
27856 2
27861 2
27884 2
27893 2
27900 2
27907 2
27994 2
28013 2
28047 2
28065 2
28128 2
28133 2
28143 2
28159 2
28162 2
28240 2
28267 2
28276 2
28298 2
28309 2
28340 2
28367 2
28373 2
28407 2
28414 2
28429 2
28430 2
28456 2
28488 2
28505 2
28515 2
28530 2
28540 2
28543 2
28575 2
28589 2
28605 2
28613 2
28657 2
28665 2
28686 2
28691 2
28718 2
28741 2
28745 2
28749 2
28751 4
28753 2
28755 2
28765 2
28789 4
28792 2
28800 2
28812 2
28857 2
28867 2
28904 2
28926 2
28933 2
28974 2
28982 2
28984 2
28985 2
28988 2
29053 2
29054 2
29077 2
29103 2
29129 2
29133 2
29162 2
29198 2
29211 2
29270 2
29272 2
29281 2
29320 2
29334 2
29356 2
29380 2
29389 2
29444 2
29452 2
29477 2
29486 2
29506 2
29591 2
29595 2
29621 2
29629 4
29639 2
29642 2
29660 2
29661 4
29666 2
29670 2
29675 2
29687 2
29696 2
29751 2
29753 2
29757 2
29770 2
29772 2
29781 2
29806 2
29812 2
29821 2
29827 2
29859 2
29872 2
29877 2
29880 2
29928 2
29942 2
29946 2
29967 2
29970 2
29978 2
29996 2
30005 2
30009 2
30016 2
30064 2
30074 2
30082 2
30090 2
30110 2
30119 2
30140 2
30145 2
30146 2
30168 2
30181 2
30192 2
30196 2
30205 2
30250 2
30255 2
30260 2
30294 2
30333 2
30369 2
30376 2
30420 2
30432 2
30433 2
30437 2
30442 2
30447 2
30460 2
30481 2
30485 2
30490 2
30492 2
30525 2
30563 2
30610 2
30625 2
30636 2
30649 2
30653 2
30681 2
30683 2
30689 2
30709 2
30719 2
30749 2
30757 2
30785 2
30789 2
30814 2
30840 4
30842 2
30843 2
30921 2
30963 2
31041 2
31043 2
31121 2
31123 2
31153 2
31158 2
31181 2
31186 2
31213 2
31240 2
31242 2
31255 2
31299 2
31305 2
31311 2
31330 2
31338 2
31340 2
31352 2
31358 2
31363 2
31369 2
31407 2
31415 2
31419 2
31420 2
31434 2
31447 2
31449 2
31469 2
31474 2
31501 2
31509 2
31510 2
31525 2
31536 2
31549 2
31601 2
31629 2
31654 2
31656 2
31660 2
31668 2
31826 2
31841 2
31849 2
31865 2
31876 2
31885 2
31894 2
31899 2
31926 2
31927 2
31957 2
31960 2
31974 2
31977 2
31981 2
31991 2
32028 2
32042 2
32043 2
32068 2
32078 2
32084 2
32085 2
32102 2
32130 2
32134 2
32150 2
32161 2
32175 2
32186 4
32190 2
32202 2
32208 2
32210 2
32218 2
32287 2
32288 2
32296 2
32322 2
32324 4
32361 2
32373 2
32378 2
32412 2
32463 2
32466 2
32480 2
32508 2
32518 2
32523 4
32538 4
32586 2
32591 2
32619 2
32638 2
32641 4
32655 2
32668 2
32682 2
32688 2
32695 2
32701 2
32702 2
32716 2
32769 2
32774 2
32778 2
32781 2
32790 2
32806 2
32812 2
32813 2
32830 2
32862 2
32909 2
32941 2
32956 2
32957 2
32972 2
32977 2
33000 2
33008 4
33047 2
33092 2
33098 2
33106 2
33108 2
33112 2
33119 6
33129 2
33132 2
33142 2
33145 2
33169 2
33189 2
33195 2
33196 2
33202 2
33217 2
33282 2
33297 2
33301 2
33313 2
33321 4
33324 2
33326 2
33346 2
33356 2
33383 2
33384 2
33386 2
33389 2
33390 2
33391 2
33400 4
33402 2
33404 2
33406 2
33413 2
33461 2
33467 2
33471 2
33497 2
33506 2
33514 2
33533 2
33539 2
33544 2
33551 4
33560 4
33563 2
33578 2
33597 2
33630 2
33631 2
33676 2
33691 2
33706 2
33711 2
33751 2
33786 2
33793 2
33829 2
33900 2
33920 2
33936 2
34001 2
34052 2
34072 4
34101 2
34111 2
34161 2
34168 2
34172 2
34185 2
34192 2
34381 2
34472 2
34522 2
34527 2
34579 2
34652 2
34663 2
34704 2
34736 2
34872 2
34878 2
34921 2
35039 2
35048 2
35139 2
35164 2
35237 2
35265 2
35281 2
35322 2
35323 2
35339 2
35376 2
35385 2
35399 2
35456 2
35482 2
35531 2
35604 2
35638 2
35642 2
35655 2
35658 2
35691 2
35702 2
35714 2
35731 2
35745 2
35767 2
35794 2
35796 2
35798 2
35805 2
35810 2
35814 2
35817 2
35822 2
35834 2
35865 2
35876 2
35907 2
35925 2
35951 2
35979 2
35990 2
36071 2
36081 2
36114 2
36138 2
36148 2
36186 4
36227 2
36243 2
36255 2
36278 2
36279 2
36282 2
36300 2
36317 2
36344 2
36372 2
36376 2
36386 2
36426 2
36476 2
36493 2
36503 2
36509 2
36513 2
36527 2
36532 2
36556 2
36557 2
36585 2
36590 2
36593 2
36596 2
36623 2
36625 2
36635 2
36637 2
36640 2
36647 2
36753 2
36766 2
36767 2
36777 2
36836 2
36854 2
36863 2
36906 2
36925 2
36951 2
36962 2
37018 2
37118 2
37139 2
37183 2
37204 2
37219 2
37232 2
37241 2
37242 2
37267 2
37274 2
37309 2
37394 2
37437 2
37516 2
37524 2
37560 2
37569 2
37660 2
37700 2
37710 2
37734 2
37778 2
37805 2
37814 2
37860 2
37903 2
37906 2
37922 2
37933 2
37996 2
38000 2
38052 2
38084 2
38110 2
38132 2
38144 2
38147 2
38152 2
38160 2
38210 4
38239 2
38313 2
38315 2
38337 2
38355 2
38360 2
38412 2
38417 2
38433 2
38437 2
38511 2
38525 2
38533 2
38553 2
38579 2
38683 2
38725 2
38729 2
38773 2
38775 2
38800 2
38810 2
38815 2
38830 2
38845 2
38856 2
38862 2
38938 2
38948 2
38996 2
39044 2
39099 2
39156 2
39159 2
39164 2
39165 2
39173 2
39185 2
39210 4
39231 2
39248 2
39252 2
39258 2
39284 2
39348 2
39369 2
39386 2
39394 2
39427 2
39434 2
39447 2
39512 2
39514 2
39524 2
39554 2
39571 2
39601 2
39632 2
39643 2
39662 2
39665 2
39687 2
39727 2
39741 2
39754 2
39762 2
39820 2
39828 2
39842 2
39872 2
39901 2
39910 2
39922 2
39952 2
39980 2
39987 2
40004 2
40030 2
40076 2
40113 2
40114 2
40127 2
40130 2
40174 2
40190 2
40192 2
40206 2
40222 2
40240 2
40249 2
40262 2
40263 2
40265 2
40278 2
40279 2
40282 2
40306 2
40308 2
40316 2
40319 2
40335 2
40345 2
40351 2
40370 2
40383 2
40392 2
40396 2
40407 2
40408 2
40416 2
40428 4
40448 2
40492 2
40508 2
40514 2
40522 2
40532 2
40538 2
40547 2
40579 2
40635 2
40640 2
40652 2
40660 4
40683 2
40684 2
40693 2
40706 2
40749 2
40753 2
40766 2
40775 2
40804 2
40821 2
40833 2
40865 2
40877 2
40902 2
40921 2
40940 2
40967 2
40970 2
41009 2
41015 2
41024 4
41043 2
41079 2
41084 2
41085 2
41089 2
41096 2
41101 2
41111 2
41121 2
41136 2
41153 2
41228 2
41241 2
41250 2
41264 2
41268 2
41337 2
41354 2
41361 2
41398 2
41424 2
41439 2
41495 2
41499 4
41514 2
41567 2
41585 2
41635 2
41667 2
41672 2
41706 2
41707 2
41711 2
41716 2
41778 2
41845 2
41850 2
41923 2
41941 2
42022 4
42122 2
42124 2
42132 2
42192 2
42256 2
42259 2
42286 2
42363 2
42472 2
42473 2
42474 2
42494 2
42521 2
42526 2
42547 2
42548 2
42577 2
42606 2
42723 2
42733 2
42776 4
42779 2
42810 2
42848 2
42854 2
42860 2
42868 2
42906 2
42940 2
42990 2
43028 2
43056 2
43062 2
43121 2
43126 2
43130 2
43175 2
43209 2
43249 2
43263 2
43270 2
43316 2
43359 2
43407 2
43470 2
43503 2
43533 2
43535 4
43544 2
43578 2
43586 2
43645 2
43656 2
43682 2
43695 2
43709 2
43712 2
43713 2
43720 2
43729 2
43803 2
43808 2
43841 2
43879 2
43983 2
44064 2
44097 2
44099 2
44121 2
44227 2
44283 2
44292 2
44293 2
44298 2
44320 2
44382 2
44410 2
44509 2
44510 2
44564 2
44581 2
44636 2
44650 2
44653 2
44721 2
44746 4
44768 2
44790 2
44809 2
44814 2
44850 2
44885 2
44894 2
44897 2
44899 2
44904 2
44920 2
44922 2
44934 2
44989 2
45034 2
45054 2
45077 2
45079 2
45206 2
45244 2
45345 2
45382 2
45389 2
45502 2
45525 2
45669 2
45695 2
45711 2
45731 2
45744 2
45797 2
45947 2
45956 2
46000 2
46016 2
46022 2
46032 2
46034 2
46093 2
46100 2
46138 2
46165 2
46169 2
46187 2
46235 2
46297 2
46305 2
46312 2
46313 2
46315 2
46319 2
46326 2
46380 2
46403 2
46412 2
46422 2
46441 2
46444 2
46458 2
46463 2
46490 2
46501 2
46516 2
46570 2
46584 2
46595 2
46638 2
46683 2
46708 2
46734 2
46774 2
46796 2
46819 2
46826 2
46843 2
46857 2
46858 2
46866 2
46894 2
46903 2
46911 2
46933 2
46954 2
46955 2
46970 2
46999 2
47001 2
47026 2
47036 2
47070 2
47072 2
47082 2
47101 2
47132 4
47148 2
47163 2
47165 2
47237 2
47240 2
47277 2
47284 2
47303 2
47341 2
47358 2
47401 2
47410 2
47411 2
47455 2
47478 2
47483 4
47508 2
47526 2
47572 2
47600 2
47603 2
47633 2
47635 2
47645 2
47664 2
47715 2
47721 2
47735 2
47762 2
47766 2
47813 4
47817 2
47821 2
47835 2
47857 2
47876 2
47881 2
47899 2
47903 2
47916 2
47926 2
47936 2
47943 2
47958 2
47964 2
47965 2
47968 2
47985 2
48016 2
48030 2
48041 2
48049 2
48051 2
48109 2
48115 2
48143 4
48157 2
48160 2
48182 2
48184 2
48224 2
48255 2
48290 2
48297 2
48354 2
48412 2
48419 4
48420 2
48421 2
48424 2
48433 2
48476 2
48488 4
48494 2
48582 2
48587 2
48612 2
48630 2
48638 2
48657 2
48661 2
48771 2
48807 2
48824 2
48849 2
48852 2
48926 2
48930 2
48935 2
49005 2
49016 2
49076 2
49133 2
49273 2
49277 2
49309 2
49349 2
49409 2
49435 2
49437 2
49485 2
49505 2
49514 2
49524 2
49539 2
49570 2
49585 2
49590 2
49599 2
49619 2
49643 2
49675 2
49678 2
49832 2
49917 2
49933 2
49939 2
50022 2
50025 2
50093 2
50122 2
50153 2
50221 2
50327 2
50331 2
50410 2
50442 2
50460 2
50494 2
50499 2
50504 2
50513 2
50590 2
50614 2
50620 2
50631 2
50642 2
50650 2
50651 2
50688 2
50695 2
50706 2
50742 2
50755 2
50806 2
50832 2
50848 2
50851 4
50864 2
50881 2
50891 2
50929 2
50941 2
50964 2
51021 2
51022 2
51023 2
51042 2
51051 2
51084 2
51128 2
51142 2
51167 2
51168 2
51191 2
51234 2
51304 2
51333 2
51334 2
51347 2
51448 2
51480 2
51539 2
51550 2
51551 2
51575 2
51587 2
51618 2
51633 2
51664 2
51671 2
51682 2
51683 2
51706 2
51716 2
51717 2
51737 2
51802 2
51805 2
51835 2
51843 2
51886 2
51894 2
51895 2
51906 2
51915 2
51924 2
51950 2
51954 2
51959 2
51992 2
52021 2
52022 2
52024 2
52053 2
52059 2
52063 2
52124 2
52147 2
52149 2
52150 2
52151 2
52153 2
52160 2
52186 2
52200 2
52202 2
52254 2
52256 4
52266 2
52276 2
52299 2
52330 2
52356 2
52381 2
52409 2
52413 2
52419 2
52480 2
52507 2
52540 2
52568 2
52578 2
52590 2
52610 2
52618 2
52669 2
52682 2
52719 2
52730 2
52788 2
52797 2
52803 2
52853 2
52859 2
52861 2
52869 2
52883 2
52898 2
52903 2
52939 2
52961 2
52965 2
53002 2
53004 2
53009 2
53014 2
53023 2
53024 2
53046 2
53107 2
53114 2
53116 2
53123 2
53169 2
53194 2
53195 2
53205 2
53245 2
53281 2
53374 2
53388 2
53405 2
53445 2
53537 2
53544 2
53602 2
53610 2
53639 2
53648 2
53665 2
53713 2
53719 2
53757 2
53781 2
53800 2
53802 2
53861 2
53863 2
53866 2
54044 2
54047 2
54071 2
54134 2
54154 2
54198 2
54218 2
54264 2
54325 2
54364 2
54369 2
54442 2
54449 2
54461 2
54484 2
54511 2
54524 2
54529 2
54576 2
54608 2
54697 2
54712 2
54719 2
54845 2
54858 2
54880 2
54930 2
54952 4
54961 2
54966 2
54975 2
55019 2
55035 2
55074 2
55188 2
55191 2
55242 2
55271 2
55295 2
55354 2
55381 2
55421 2
55449 2
55486 2
55526 2
55533 2
55565 2
55606 2
55624 2
55655 2
55681 2
55758 2
55766 2
55788 2
55808 2
55834 2
55872 2
55940 2
55957 2
55992 2
56008 2
56022 2
56060 2
56111 2
56161 2
56197 2
56199 2
56203 2
56214 4
56246 2
56272 2
56345 2
56500 4
56501 2
56505 2
56514 2
56521 4
56544 2
56555 2
56600 2
56616 2
56678 2
56762 2
56766 2
56794 2
56993 2
57074 2
57120 2
57183 2
57234 2
57262 2
57298 2
57382 2
57414 2
57437 2
57506 2
57570 2
57632 2
57634 2
57636 2
57696 2
57807 2
57837 2
57886 2
57965 2
58049 2
58078 2
58093 2
58111 2
58168 2
58190 2
58284 2
58331 2
58411 2
58450 2
58452 2
58497 2
58670 2
58675 2
58753 2
58757 2
58764 2
58881 2
58953 2
59077 2
59118 2
59193 2
59421 2
59498 2
59507 2
59705 2
59720 2
59740 2
59761 2
59787 2
59851 2
59967 2
59992 2
59994 2
60119 2
60190 2
60229 2
60268 2
60396 2
60489 2
60645 2
60711 2
60750 2
60762 2
60932 2
60983 2
60995 2
61019 2
61027 2
61225 2
61248 2
61270 2
61275 2
61282 2
61342 2
61404 2
61530 2
61548 2
61591 2
61605 2
61629 2
61641 2
61786 2
61789 2
61827 2
61855 2
61893 2
61897 2
61901 2
61909 2
61930 2
61978 2
61981 2
62010 2
62037 2
62056 2
62063 2
62084 2
62140 2
62249 2
62251 2
62276 2
62288 2
62324 2
62333 2
62334 2
62347 2
62349 2
62356 4
62384 2
62409 2
62474 2
62526 2
62533 2
62540 2
62548 2
62568 2
62596 2
62598 2
62608 2
62667 2
62683 2
62738 2
62802 2
62815 2
62824 2
62958 2
62968 2
62984 2
63051 2
63054 2
63120 2
63148 2
63196 2
63286 2
63342 2
63402 2
63441 2
63534 2
63550 2
63583 2
63613 2
63680 2
63733 2
63738 2
63811 2
63816 2
63844 2
63888 2
63923 2
63968 2
63985 2
64112 2
64151 2
64219 2
64242 2
64246 2
64247 2
64378 2
64518 2
64554 2
64592 2
64641 2
64673 2
64737 2
64764 2
64781 2
64863 2
64949 2
64960 2
65095 2
65116 2
65128 2
65166 2
65181 2
65213 2
65254 2
65291 2
65322 2
65329 2
65380 2
65440 2
65503 2
65522 2
65563 2
65565 2
65595 2
65619 2
65620 2
65733 2
65744 2
65748 2
65750 2
65823 2
65861 2
65949 2
65994 2
66013 2
66042 2
66066 2
66073 2
66093 2
66097 2
66131 2
66138 2
66145 2
66165 2
66193 2
66194 2
66299 2
66304 2
66421 2
66424 2
66478 2
66532 2
66545 2
66613 2
66632 2
66643 2
66692 2
66712 2
66724 2
66734 2
66750 2
66811 2
67042 2
67090 2
67100 2
67143 2
67317 2
67447 2
67503 2
67552 2
67567 2
67678 2
67722 2
67781 2
67809 2
67817 2
67891 2
67951 2
68043 2
68173 2
68258 2
68283 2
68451 2
68731 2
68829 2
69041 2
69243 2
69283 2
69398 2
69424 2
69472 2
69613 2
69933 2
69974 2
70060 2
70152 2
70200 2
70285 2
70326 2
70404 2
70460 2
70604 2
70671 2
71043 2
71400 2
71451 2
71456 2
71581 2
71726 2
71812 2
71928 2
72024 2
72107 2
72188 2
72451 2
72584 2
72590 2
72602 2
72690 2
72722 2
73175 2
73282 2
73297 2
73499 2
73989 2
74160 2
74894 2
74958 2
75260 2
75288 2
75369 2
75406 2
75451 2
75513 2
75599 2
75609 2
75632 2
75716 2
75781 2
75787 2
75936 2
76145 2
76625 2
76755 2
76783 2
76888 2
77141 2
77284 2
77598 2
78088 2
78282 2
78575 2
79060 2
79139 2
79470 2
79911 2
80036 2
80133 2
80144 2
80686 2
81018 2
81205 2
81245 2
81309 2
81420 2
81471 2
81617 2
81743 2
81906 2
82084 2
82211 2
82340 2
82354 2
82375 2
82406 2
82428 2
82484 2
82540 2
82553 2
82748 2
82781 2
82792 2
82819 2
82945 2
83104 2
83130 2
83175 2
83282 2
83320 2
83417 2
83459 2
83540 2
83562 2
83593 2
83615 2
83827 2
83895 2
83906 2
83958 2
84012 2
84136 2
84221 2
84258 2
84279 2
84305 2
84327 2
84428 2
84442 2
84863 2
84967 2
85167 2
85234 2
85390 2
85445 2
85462 2
85664 2
85730 2
85840 2
85849 2
86024 2
86087 2
86123 2
86157 2
86252 2
86288 2
86401 2
86417 2
86418 2
86638 2
86765 2
86944 2
87006 4
87111 2
87170 2
87387 2
87458 2
87460 2
87499 2
87518 2
87531 2
87551 2
87609 2
87673 2
87789 2
87938 2
87963 2
88069 2
88300 2
88359 2
88438 2
88797 2
89001 2
89105 2
89204 2
89221 2
89299 2
89447 2
89541 2
89557 2
89866 2
89892 2
89896 2
89977 2
90021 2
90153 2
90175 2
90705 2
90865 2
91027 2
91233 2
91407 2
91526 2
91564 2
91591 2
91617 2
91856 2
91882 2
92014 4
92095 2
92266 2
92268 2
92849 2
92982 2
93022 2
93096 2
93114 2
93614 2
93697 2
93925 2
94358 2
94378 2
94964 2
94977 2
95149 2
95184 2
95245 2
95957 2
96264 2
96527 2
101054 2
101082 2
105147 2
105637 2
127157 2
128047 2
128913 2
129751 2
135721 2
137262 2
138832 2
142606 2
143002 2
145065 2
148032 2
149566 2
152937 2
152960 2
155356 2
156061 2
156613 2
156657 2
182036 2
208568 2
762882 2
777118 2
778217 2
780901 2
781331 2
781457 2
