"ID";"CDS";"intron";"lnc_RNA";"other";"unannotated";"UTR"
35;51,68;56,65;57,72;57,04;57,38;57,4
36;53,79;57,81;56,72;57,86;56,19;59,33
37;34,1;33,54;34,8;33,2;34,35;34,35
38;36,92;35,47;34,36;35,29;34,9;35,65
39;33,46;36,09;36,61;35,41;36;35,73
40;32,47;32,65;32,71;32,95;32,53;32,78
41;32,31;32,9;33,24;31,96;32,97;32,75
42;33,21;33,28;33,29;33,53;33,35;33,82
43;34,37;33,93;33,56;33,64;34,18;34,1
44;33,89;34,65;34,87;35,08;34,51;34,7
45;34,3;33,98;34,23;34,25;33,97;33,88
46;35,04;34,83;34,5;35,13;34,83;35,68
47;31,6;32,13;32,49;31,74;32,28;32,45
48;35,71;35,33;35,17;34,61;35,88;34,5
49;32,42;35,29;36,17;34,83;36,04;34,59
50;40,87;40,56;40,44;40,6;40,18;41,5
51;35,71;37,69;37,56;37,95;37,89;35,96
52;37,37;36,47;36,41;35,12;36,83;37,41
53;36,89;38,15;37,82;35,95;38,15;37,95
54;32,19;33,67;33,76;32,6;33,74;33,3
55;34,62;35,18;34,81;37,45;34,8;34,85
56;38,43;37,17;38,33;38,17;37,69;38,85
57;30,51;32,93;32,71;32,24;32,64;31,87
58;33,22;32,66;32,79;32,58;32,88;32,51
59;37,86;35,15;35,47;34,6;35,39;37,85
60;31,6;34,67;34,42;35,72;34,99;33,6
61;36,87;35,83;35,6;34,93;35,9;36,41
62;36,41;36,18;36,62;38,38;36,36;38,82
63;40,22;37,09;36,46;38,59;36,79;36,2
